0.12340400     -0.03021100      0.42732500     -0.30090100      0.85628200     -0.41986300     -0.86170300     -0.43268200     -0.26499900     -0.40821400      0.28099100      0.86858000     -0.00120400     -0.00625700     -0.00391300      0.00000800      0.00003200      0.00001000     -1.13102400     -0.07969800     -0.01198400      0.40121300      0.08717200      0.32010300      0.94335900     -0.62165600      0.75742900     -0.19944600     -0.77844500     -0.56946000      0.26382100      0.01378500      0.00077200     -0.00091500      0.00011600     -0.95266700     -0.78608300      0.08000800      0.05509200      0.03607500     -0.01110800     -0.01117100     -0.35947900      0.93308600      0.71264600     -0.65744200     -0.24475300      0.70143400      0.66222600      0.26352600      0.00677600      0.00080000     -0.00018500      0.00061900     -0.75469600     -0.68151100     -0.09042400      0.07138800      0.02093700     -0.05689700     -0.45704400      0.80095900     -0.38674900     -0.76821400     -0.57462900     -0.28221700     -0.44828200      0.16812000      0.87793900     -0.00067500     -0.00351300     -0.00219500      0.00671100     -0.05280000      0.16037300     -0.90873100
0.12334300     -0.03046800      0.42715200     -0.30065800      0.85636600     -0.41986500     -0.86176000     -0.43248300     -0.26513700     -0.40827300      0.28104000      0.86853700     -0.00126600     -0.00657400     -0.00412200     -0.00157300      0.00862000     -0.02745400     -1.13289300     -0.07931500     -0.01211500      0.40127000      0.10319900      0.34165100      0.93413900     -0.64102700      0.74094400     -0.20005100     -0.76058700     -0.57859100      0.29428300      0.00052600     -0.00193200     -0.00133500     -1.57049000     -0.23659800     -1.10793700      0.09034600      0.05528900      0.03600900     -0.01108700     -0.02717900     -0.38322800      0.92325300      0.72553300     -0.64290600     -0.24550200      0.68764900      0.66317900      0.29551900      0.00038000     -0.00141600     -0.00098900     -0.09159100     -0.84199900     -0.48975000     -0.06691000      0.07135700      0.02080700     -0.05698500     -0.45682200      0.80107700     -0.38676700     -0.76831300     -0.57444600     -0.28232200     -0.44833900      0.16818800      0.87789800     -0.00063600      0.00086600     -0.00754800      0.03424600     -0.00293600     -0.00866200     -0.91069100
0.12331200     -0.03057100      0.42707600     -0.30083100      0.85630600     -0.41986400     -0.86170100     -0.43263800     -0.26507800     -0.40827000      0.28098600      0.86855500     -0.00111600     -0.00579100     -0.00363500     -0.00157300      0.00862100     -0.02745400     -1.13298400     -0.07920000     -0.01223500      0.40140100      0.11603900      0.34685000      0.93071000     -0.65007100      0.73498000     -0.19273400     -0.75101400     -0.58309700      0.30957800      0.01489400     -0.00639200      0.01064500     -0.07740700     -0.46006600     -0.51420400      0.09268500      0.05534800      0.03594400     -0.01102500     -0.03764500     -0.39150500      0.91940500      0.73777700     -0.63144000     -0.23867500      0.67399200      0.66933200      0.31261400      0.00084100     -0.00467600      0.00501700     -0.13970400     -0.73531000     -0.27219700     -0.06250100      0.07134100      0.02075200     -0.05702500     -0.45698000      0.80098500     -0.38676900     -0.76822600     -0.57458800     -0.28226800     -0.44832600      0.16813500      0.87791400     -0.00048500     -0.00252100     -0.00158100     -0.00003400     -0.00002900      0.00004400     -0.91101700
0.12328400     -0.03076400      0.42694200     -0.30134200      0.85612500     -0.41986700     -0.86154700     -0.43308200     -0.26485600     -0.40822000      0.28085500      0.86862200     -0.00095200     -0.00493600     -0.00310400      0.00000000      0.00000000      0.00000000     -1.13153500     -0.07891900     -0.01243000      0.40171000      0.12773900      0.36723700      0.92131000     -0.67515000      0.71265600     -0.19033300     -0.72660100     -0.59816800      0.33780100      0.01338800      0.00228800      0.00012700     -0.07108100     -0.71803700     -0.67904400      0.12046700      0.05548800      0.03584700     -0.01086300     -0.04615600     -0.41155400      0.91021500      0.75956000     -0.60626500     -0.23560700      0.64879700      0.68048800      0.34058200      0.00098900     -0.00520700      0.00465500     -0.18093100     -0.09283600     -0.55131000     -0.03604800      0.07132700      0.02065300     -0.05709300     -0.45746600      0.80070300     -0.38678000     -0.76798300     -0.57501900     -0.28205400     -0.44824800      0.16801000      0.87797800     -0.00047800     -0.00249000     -0.00156400     -0.00003900     -0.00000000      0.00003400     -0.91020100
0.12323400     -0.03095500      0.42679700     -0.30039200      0.85619700     -0.42040000     -0.86066500     -0.43322800     -0.26747000     -0.41077000      0.28041000      0.86756300     -0.00101000     -0.00523500     -0.00329900      0.00000000     -0.00000000      0.00000000     -1.13181800     -0.07859300     -0.01265400      0.40188400      0.13502600      0.38505300      0.91295900     -0.68004800      0.70612600     -0.19711400     -0.72069900     -0.59472200      0.35603600      0.00233000     -0.01166200      0.00845800     -0.05027900     -0.20352900     -0.31307300      0.12611200      0.05565600      0.03573700     -0.01077600     -0.05189700     -0.43253600      0.90012100      0.76337600     -0.59830400     -0.24349100      0.64386500      0.67449500      0.36123700      0.00118300     -0.00590600      0.00417200     -0.03670000     -0.10720000     -0.28137800     -0.01596400      0.07130200      0.02055800     -0.05716500     -0.45653900      0.80097300     -0.38731400     -0.76709700     -0.57489800     -0.28469800     -0.45070200      0.16713200      0.87688800     -0.00051300     -0.00267100     -0.00168300     -0.00296500      0.00097100     -0.00094900     -0.90644500
0.12321600     -0.03105100      0.42673700     -0.30037600      0.85620300     -0.42040000     -0.86067000     -0.43321400     -0.26747800     -0.41077300      0.28041400      0.86756000     -0.00087100     -0.00451100     -0.00284500      0.00000000      0.00000000      0.00000000     -1.13152300     -0.07849500     -0.01277800      0.40196400      0.14737800      0.39054600      0.90870500     -0.68828800      0.70028000     -0.18921200     -0.71039600     -0.59805300      0.37085500      0.00052900     -0.00192800     -0.00133500     -1.16010100     -1.18273300      2.24858600      0.12482100      0.05570600      0.03567400     -0.01073600     -0.06093900     -0.44007200      0.89589100      0.77039400     -0.59143200     -0.23811600      0.63464700      0.67568000      0.37507100      0.00771800     -0.00416500      0.00464700     -0.04318900     -0.34046700     -0.14131900     -0.01449400      0.07129300      0.02050900     -0.05719600     -0.45653300      0.80097900     -0.38730900     -0.76711200     -0.57488700     -0.28468200     -0.45068300      0.16714300      0.87689600     -0.00043400     -0.00226300     -0.00142700     -0.00040100      0.00012400     -0.00009300     -0.90546500
0.12318300     -0.03122600      0.42663900     -0.30086000      0.85731800     -0.41777300     -0.86064700     -0.43272800     -0.26833800     -0.41046700      0.27775400      0.86856000     -0.00092100     -0.00476900     -0.00301300      0.00539800      0.03830100     -0.01854000     -1.12957400     -0.07811100     -0.01290500      0.40220900      0.17266200      0.41072400      0.89525700     -0.69752700      0.69271100     -0.18314500     -0.69556000     -0.59335700      0.40495300      0.01485400     -0.00616100      0.01080700     -0.05341300     -0.94834700     -0.13378800      0.13192700      0.05588700      0.03560900     -0.01062000     -0.08486800     -0.45985000      0.88393100      0.77919600     -0.58354000     -0.22876400      0.62100700      0.66934100      0.40783700      0.00656600      0.00161600      0.00038000     -0.00114900     -0.58626800      0.02037600     -0.01220800      0.07127700      0.02042500     -0.05724300     -0.45721900      0.80202500     -0.38432500     -0.76723000     -0.57425700     -0.28563400     -0.44978700      0.16426900      0.87789800     -0.00037400     -0.00194300     -0.00122700      0.00197200      0.00335800     -0.00258200     -0.90709800
0.12317300     -0.03139000      0.42653500     -0.30055800      0.85742000     -0.41778200     -0.86073100     -0.43247400     -0.26847800     -0.41051200      0.27783500      0.86851300     -0.00083300     -0.00431400     -0.00273000     -0.00157100      0.00862900     -0.02745200     -1.12820000     -0.07762600     -0.01292300      0.40222000      0.18411800      0.43138500      0.88317600     -0.70670100      0.68259000     -0.18595200     -0.68326200     -0.59044400      0.42940900      0.01389000      0.00054800     -0.00108800     -0.00469600     -0.62699300      0.01093900      0.14201400      0.05613400      0.03560200     -0.01060700     -0.09457100     -0.48326700      0.87034900      0.78688800     -0.57182000     -0.23200500      0.60980400      0.66292800      0.43435500      0.00045700     -0.00165700     -0.00115800     -0.01765900     -0.67952600     -0.25693600      0.00395800      0.07127200      0.02034300     -0.05729500     -0.45691000      0.80205200     -0.38463500     -0.76732200     -0.57411900     -0.28566200     -0.44994300      0.16461700      0.87775300     -0.00031700     -0.00165000     -0.00104300     -0.00027600     -0.00114800     -0.00038500     -0.90791500
0.12315600     -0.03153100      0.42644500     -0.30092100      0.85729100     -0.41778300     -0.86062800     -0.43278400     -0.26830500     -0.41045900      0.27774900      0.86856500     -0.00053700     -0.00278100     -0.00176200      0.00000000      0.00000000      0.00000000     -1.12691600     -0.07748000     -0.01295500      0.40218300      0.20609400      0.44662300      0.87065800     -0.71811300      0.67342800     -0.17533200     -0.66486000     -0.58965500      0.45840100      0.00002900     -0.00010500     -0.00007300     -0.00895100     -0.73912100     -0.06026000      0.13994100      0.05621400      0.03558100     -0.01063000     -0.11490400     -0.50071500      0.85795100      0.79728100     -0.56168300     -0.22102900      0.59256900      0.65863200      0.46375000     -0.00001400      0.00005000      0.00002800     -0.00331500     -0.79591400     -0.09571700      0.00673400      0.07126300      0.02026900     -0.05734200     -0.45725800      0.80184500     -0.38465300     -0.76715500     -0.57442800     -0.28548900     -0.44987400      0.16454600      0.87780200     -0.00031400     -0.00163300     -0.00103400     -0.00001900     -0.00005000      0.00004500     -0.90824100
0.12315500     -0.03159100      0.42640700     -0.30106000      0.85724100     -0.41778600     -0.86058900     -0.43290400     -0.26823800     -0.41043900      0.27771800      0.86858400     -0.00047200     -0.00244400     -0.00155000      0.00000000      0.00000000      0.00000000     -1.12656500     -0.07734600     -0.01290100      0.40218000      0.21013500      0.45892200      0.86326400     -0.73056600      0.66047400     -0.17315000     -0.64985800     -0.59486100      0.47295600      0.01292700      0.00403000      0.00132500     -0.00429700     -0.80539300     -0.05888200      0.14117200      0.05628100      0.03560800     -0.01063100     -0.11739600     -0.51326000      0.85016500      0.80791500     -0.54718000     -0.21878100      0.57748600      0.66117800      0.47890700      0.00642500      0.00214100      0.00074100     -0.00296800     -0.86373900     -0.08545300      0.00689700      0.07126200      0.02023900     -0.05736100     -0.45738500      0.80177000     -0.38465800     -0.76709500     -0.57454000     -0.28542600     -0.44984800      0.16452000      0.87782000     -0.00027400     -0.00142800     -0.00090700     -0.00000900     -0.00001400      0.00004800     -0.90856800
0.12315700     -0.03167600      0.42632900     -0.30166700      0.85829600     -0.41517400     -0.86049700     -0.43254900     -0.26910300     -0.41018600      0.27500700      0.86956600     -0.00054000     -0.00279200     -0.00177200     -0.00096100      0.01121600     -0.02667500     -1.12526600     -0.07688500     -0.01282000      0.40219800      0.23011600      0.47793200      0.84771400     -0.73376000      0.65740300     -0.17131800     -0.63942700     -0.58319400      0.50088000      0.00021500     -0.00076900     -0.00053300      0.01431200     -0.86061300      0.09951700      0.15898900      0.05651000      0.03565300     -0.01062000     -0.13506200     -0.53426100      0.83445900      0.81069300     -0.54379100     -0.21694600      0.56967800      0.64719000      0.50656700      0.00011000     -0.00040100     -0.00028700      0.01376200     -0.92402800      0.07501900      0.01865400      0.07126400      0.02020000     -0.05739900     -0.45817000      0.80266600     -0.38184500     -0.76709600     -0.57408400     -0.28634000     -0.44904700      0.16172000      0.87875000     -0.00009300      0.00368700     -0.00578400      0.03310600     -0.02582000      0.01263700     -0.90693500
0.12314100     -0.03175000      0.42626900     -0.30173500      0.85827100     -0.41517700     -0.86046700     -0.43261600     -0.26909300     -0.41020000      0.27498200      0.86956800     -0.00041600     -0.00215400     -0.00136800      0.00000000      0.00000100      0.00000000     -1.12399800     -0.07664200     -0.01278300      0.40219600      0.24817700      0.49204500      0.83444000     -0.74016600      0.65201700     -0.16420000     -0.62514400     -0.57749000      0.52494000      0.00003100     -0.00011000     -0.00007700      0.02298700     -0.75577700      0.13808400      0.16453000      0.05663200      0.03566900     -0.01062200     -0.15102500     -0.54976600      0.82155200      0.81654300     -0.53781400     -0.20979100      0.55717800      0.63914900      0.53013100      0.00000700     -0.00003400     -0.00003100      0.02363800     -0.99891400      0.04147000      0.03596300      0.07125600      0.02016200     -0.05742900     -0.45822700      0.80255600     -0.38200900     -0.76703100     -0.57420500     -0.28627000     -0.44910000      0.16183600      0.87870200     -0.00025300     -0.00131100     -0.00083300     -0.00011200     -0.00037700     -0.00005700     -0.90579200
0.12312300     -0.03179300      0.42624200     -0.30188100      0.85822100     -0.41517300     -0.86042700     -0.43273900     -0.26902600     -0.41017800      0.27494300      0.86959100     -0.00039400     -0.00203600     -0.00129300      0.00000000      0.00000000      0.00000000     -1.12366400     -0.07660500     -0.01276000      0.40218300      0.25481200      0.50057400      0.82733700     -0.75138100      0.64103900     -0.15629800     -0.60888400     -0.58244600      0.53840500      0.00000000     -0.00000200     -0.00000100     -0.09763500     -0.60277500      0.10740300      0.16469700      0.05665100      0.03568100     -0.01062800     -0.15700600     -0.55961500      0.81374400      0.82639400     -0.52560600     -0.20201600      0.54076000      0.64075500      0.54498600     -0.00000800      0.00002600      0.00001300     -0.38343700     -0.65598700     -0.12890700      0.03824900      0.07124600      0.02014000     -0.05744200     -0.45835900      0.80248000     -0.38200900     -0.76696800     -0.57432000     -0.28620700     -0.44907200      0.16180400      0.87872200     -0.00023800     -0.00123100     -0.00078200     -0.00004000     -0.00007400      0.00005500     -0.90497500
0.12309600     -0.03187900      0.42618800     -0.30270900      0.85919900     -0.41253900     -0.86029500     -0.43255100     -0.26974700     -0.40984200      0.27218000      0.87061800     -0.00032200     -0.00166200     -0.00105700      0.01341800      0.05684200      0.01707200     -1.12132300     -0.07644100     -0.01274300      0.40217700      0.26709800      0.52283300      0.80950300     -0.76401600      0.62683300     -0.15262100     -0.58752500     -0.57836300      0.56583800      0.00013500     -0.00048100     -0.00033400      0.03623000     -0.73280800      0.14435200      0.17408300      0.05673200      0.03569100     -0.01063000     -0.16653500     -0.58261500      0.79550200      0.83716200     -0.50980900     -0.19812200      0.52098400      0.63297100      0.57264500      0.00093100     -0.00494500      0.00483700      0.00100400     -0.88676200      0.05614800      0.04314800      0.07123300      0.02009600     -0.05747000     -0.45935500      0.80330600     -0.37906600     -0.76692000     -0.57398400     -0.28701100     -0.44813600      0.15887300      0.87973400     -0.00018800     -0.00097800     -0.00062100      0.01097700      0.04241400      0.00979500     -0.90334200
0.12306800     -0.03190000      0.42615000     -0.30790900      0.85735000     -0.41253900     -0.85766300     -0.43775200     -0.26973800     -0.41147400      0.26969600      0.87062000      0.00000700      0.00839400     -0.01092300      0.03588600     -0.01147200      0.01876400     -1.11682100     -0.07640100     -0.01268200      0.40213900      0.28082300      0.54126000      0.79257000     -0.77200500      0.61800400     -0.14836400     -0.57043900     -0.57088300      0.59038600     -0.00017500      0.00062500      0.00043400      0.05311700     -0.77534400      0.13008400      0.17876800      0.05675300      0.03572000     -0.01065100     -0.17842400     -0.60194100      0.77835100      0.84394700     -0.50032300     -0.19346600      0.50588300      0.62236900      0.59727500     -0.00010400      0.00036500      0.00025100      0.05762800     -0.83881300      0.10572200      0.05768000      0.07121900      0.02008100     -0.05748600     -0.46414000      0.80039300     -0.37939900     -0.76332000     -0.57872500     -0.28708600     -0.44935000      0.15635500      0.87956600     -0.00003800     -0.00019800     -0.00012300     -0.00093400     -0.00154800     -0.00055800     -0.90350600
0.12305900     -0.03186500      0.42611100     -0.30785400      0.85736200     -0.41255400     -0.85762300     -0.43774600     -0.26987400     -0.41159900      0.26966500      0.87057100     -0.00000000     -0.00000000     -0.00000000      0.00000000      0.00000000      0.00000000     -1.10668700     -0.07647000     -0.01261000      0.40212100      0.29054000      0.55890200      0.77666300     -0.78268000      0.60573000     -0.14295600     -0.55068400     -0.56704400      0.61243000     -0.00008400      0.00029800      0.00020700      0.08328800     -0.99125800      0.04693200      0.17957000      0.05671800      0.03575800     -0.01065800     -0.18559700     -0.61891400      0.76321500      0.85302700     -0.48701800     -0.18750100      0.48774700      0.61624400      0.61834000     -0.00004200      0.00015400      0.00010800      0.04383800     -0.48665500      0.45294000      0.05800700      0.07121400      0.02010300     -0.05750900     -0.46406500      0.80042100     -0.37943100     -0.76328200     -0.57869700     -0.28724200     -0.44949100      0.15631400      0.87950100      0.00000800      0.00002800      0.00001800     -0.00009300     -0.00007800      0.00018700     -0.90334200
0.12305900     -0.03183900      0.42607900     -0.30793200      0.85732800     -0.41256800     -0.85755600     -0.43784700     -0.26992600     -0.41168100      0.26961300      0.87054800     -0.00000000     -0.00000000     -0.00000000      0.00000000      0.00000000      0.00000000     -1.10224100     -0.07650200     -0.01260300      0.40209100      0.30117100      0.56508600      0.76809300     -0.78444000      0.60478300     -0.13720800     -0.54241300     -0.56190800      0.62442900      0.00026400     -0.00094200     -0.00065400      0.06873100     -0.73493500      0.35750500      0.18343800      0.05670200      0.03576100     -0.01066700     -0.19533900     -0.62734500      0.75384300      0.85497300     -0.48550600     -0.18249100      0.48048100      0.60886900      0.63120100      0.00021600     -0.00078000     -0.00054400      0.09860500     -1.04841900      0.23600000      0.06078300      0.07121500      0.02011600     -0.05752400     -0.46413200      0.80037500     -0.37944700     -0.76320000     -0.57877800     -0.28729700     -0.44956100      0.15625000      0.87947700      0.00004600      0.00442700     -0.00531300      0.03579600     -0.01156000      0.01890800     -0.90252600
0.12306900     -0.03181400      0.42604600     -0.30891300      0.85722300     -0.41205000     -0.85836300     -0.43780400     -0.26741700     -0.40925700      0.27001100      0.87156700      0.00024100      0.00124500      0.00079200      0.00000000      0.00000000      0.00000000     -1.08817900     -0.07652000     -0.01262500      0.40195500      0.30975100      0.58292400      0.75116300     -0.79423700      0.59293600     -0.13246900     -0.52297200     -0.55630000      0.64567300     -0.00102400      0.00688300     -0.01177200     -0.27447000     -0.53755000      0.10984900      0.20191600      0.05669300      0.03574900     -0.01073600     -0.20268600     -0.64606700      0.73587600      0.86292300     -0.47307500     -0.17766100      0.46290600      0.59899600      0.65339200      0.00043700     -0.00155000     -0.00107700     -1.19534000     -0.38671900     -0.88475800      0.07319300      0.07121900      0.02012500     -0.05754300     -0.46508800      0.80006300     -0.37893300     -0.76398200     -0.57899300     -0.28477700     -0.44723900      0.15705200      0.88051700     -0.00000100      0.00001100      0.00000800      0.00038800     -0.00019600      0.00024100     -0.90105600
0.12306100     -0.03179200      0.42603600     -0.30902600      0.85718100     -0.41205300     -0.85830800     -0.43791600     -0.26741000     -0.40928700      0.26996400      0.87156800      0.00000200      0.00000800      0.00000500      0.00000000      0.00000000      0.00000000     -1.08194600     -0.07654500     -0.01270800      0.40181700      0.33005600      0.58909600      0.73757800     -0.78937100      0.60071000     -0.12639200     -0.51791500     -0.54124500      0.66233000      0.00088700     -0.00316100     -0.00219900      0.03791600     -0.32305700      0.27090200      0.22907800      0.05668000      0.03571000     -0.01081000     -0.22260000     -0.65490100      0.72218600      0.85950000     -0.48144500     -0.17166600      0.46011700      0.58250600      0.67005800      0.00043700     -0.00155400     -0.00108100      0.02869500     -0.24367000      0.30262600      0.11156600      0.07121600      0.02014000     -0.05754500     -0.46516800      0.80001500     -0.37893900     -0.76391800     -0.57907200     -0.28478600     -0.44726700      0.15700500      0.88051200     -0.00000300     -0.00000500     -0.00000100     -0.00002100     -0.00002800      0.00007200     -0.90105600
0.12305000     -0.03178500      0.42601700     -0.30903800      0.85717500     -0.41205700     -0.85828300     -0.43794200     -0.26744900     -0.40933100      0.26994100      0.87155400     -0.00003500      0.00817300     -0.01106300      0.03588000     -0.01149700      0.01875900     -1.07967100     -0.07659800     -0.01273600      0.40176600      0.33357200      0.59502400      0.73120900     -0.79037000      0.59927800     -0.12694600     -0.51412600     -0.53632700      0.66924700      0.00033700     -0.00120100     -0.00083600      0.09901200     -0.74584800      0.13910100      0.22675700      0.05665500      0.03569200     -0.01083800     -0.22485000     -0.65909000      0.71766400      0.86027700     -0.48014200     -0.17142300      0.45756400      0.57884600      0.67496000      0.00018400     -0.00065900     -0.00045900      0.10692400     -0.80446400      0.11876500      0.12152700      0.07121000      0.02014200     -0.05755000     -0.46519300      0.80000000     -0.37893900     -0.76389400     -0.57909900     -0.28479700     -0.44728200      0.15698400      0.88050800     -0.00008500     -0.00044100     -0.00027900     -0.00004100     -0.00000500      0.00006300     -0.90089300
0.12302700     -0.03175000      0.42595300     -0.30901600      0.85717400     -0.41207600     -0.85821100     -0.43798100     -0.26761500     -0.40949700      0.26988200      0.87149400     -0.00000500      0.00833000     -0.01096300      0.03587900     -0.01150200      0.01875700     -1.07710700     -0.07678400     -0.01266500      0.40159900      0.32890100      0.60855200      0.72213600     -0.80319200      0.58243400     -0.12484600     -0.49695800     -0.53971600      0.67941300     -0.00170100      0.00930700     -0.01008600     -3.90076800      0.28205200     -3.46240800      0.22921800      0.05656200      0.03572700     -0.01092200     -0.22036700     -0.67261700      0.70641600      0.86990200     -0.46314100     -0.16961500      0.44125600      0.57713600      0.68717200     -0.00083000      0.00467300     -0.00503100     -3.90011900      0.29834700     -3.45795400      0.12348700      0.07119900      0.02015800     -0.05758300     -0.46517000      0.80000400     -0.37895700     -0.76381900     -0.57911500     -0.28496500     -0.44743400      0.15689800      0.88044600     -0.00006000     -0.00031600     -0.00020000     -0.00002600     -0.00000300      0.00004500     -0.90171000
0.12302200     -0.03169400      0.42583100     -0.31010100      0.85701900     -0.41158400     -0.85888100     -0.43810200     -0.26525500     -0.40726600      0.27017700      0.87244800     -0.00007700     -0.00039600     -0.00025200     -0.00000000      0.00000000     -0.00000000     -1.06989200     -0.07677000     -0.01243000      0.40127200      0.33935200      0.61627600      0.71065900     -0.80265200      0.58363800     -0.12268200     -0.49077300     -0.52955300      0.69179300     -0.00135300      0.00806000     -0.01095100      0.07925400     -0.29117100      0.12400500      0.24816900      0.05656800      0.03584700     -0.01108300     -0.22892500     -0.68196000      0.69463900      0.87043300     -0.46288600     -0.16757700      0.43581900      0.56627400      0.69956700     -0.00066800      0.00401100     -0.00548800      0.07139800     -0.23799900      0.14604000      0.14014200      0.07119600      0.02018900     -0.05764900     -0.46620000      0.79963600     -0.37846900     -0.76444700     -0.57944200     -0.28260600     -0.44528300      0.15756800      0.88141500     -0.00003300     -0.00018600     -0.00011900      0.00374700     -0.00126500      0.00123900     -0.90187300
0.12301200     -0.03164600      0.42566600     -0.31001300      0.85702200     -0.41164300     -0.85872900     -0.43816400     -0.26564700     -0.40765500      0.27006700      0.87230100     -0.00036000      0.00649400     -0.01213000      0.03431000     -0.00285500     -0.00868900     -1.06457500     -0.07674500     -0.01219900      0.40095400      0.34789800      0.62675200      0.69723700     -0.80294100      0.58309900     -0.12334600     -0.48427700     -0.51771600      0.70520100     -0.00157100      0.00883800     -0.01040700      0.14189900     -0.62105800     -0.00466400      0.25376600      0.05658100      0.03595800     -0.01123900     -0.23605600     -0.69156200      0.68265500      0.87063700     -0.46252800     -0.16750500      0.43158800      0.55480500      0.71128200      0.00007400     -0.00025300     -0.00017900      0.10947200     -0.62723400     -0.02911100      0.15630800      0.07119200      0.02021600     -0.05772900     -0.46610100      0.79966200     -0.37853500     -0.76427800     -0.57945600     -0.28303400     -0.44567700      0.15738300      0.88125000     -0.00017600      0.00325200     -0.00606200      0.03436300     -0.00288100     -0.00864200     -0.90187300
0.12297600     -0.03161900      0.42557400     -0.31045500      0.85811200     -0.40903100     -0.85861300     -0.43772300     -0.26674600     -0.40756100      0.26731700      0.87319100     -0.01372000      0.00892600     -0.01037700      0.14580000      0.47309400      0.13121500     -1.06404400     -0.07677700     -0.01213400      0.40086500      0.34945000      0.63110000      0.69252300     -0.80487500      0.58055200     -0.12275200     -0.47992800     -0.51529300      0.70993400      0.00001300     -0.00004600     -0.00003200      0.03459500     -0.41365500      0.23156200      0.25301000      0.05657000      0.03599100     -0.01128400     -0.23710600     -0.69679800      0.67694300      0.87223000     -0.45952100     -0.16749300      0.42777900      0.55073700      0.71672300     -0.00000400      0.00002500      0.00001700     -0.26036900     -0.45034000     -0.34152100      0.15826700      0.07117800      0.02022400     -0.05777200     -0.46612100      0.79964100     -0.37855700     -0.76416900     -0.57951600     -0.28320500     -0.44584300      0.15727400      0.88118500     -0.00023700     -0.00123600     -0.00078600      0.00000200     -0.00001800      0.00001700     -0.90236300
0.12291800     -0.03162300      0.42541300     -0.31061000      0.85804100     -0.40906300     -0.85842400     -0.43796000     -0.26696400     -0.40784100      0.26715800      0.87310900     -0.00058800     -0.00302900     -0.00193100     -0.00153600      0.00879800     -0.02740000     -1.06348300     -0.07683000     -0.01208700      0.40085300      0.35151600      0.64327500      0.68016500     -0.81256000      0.57045700     -0.11941000     -0.46523400     -0.51150900      0.72234200     -0.00012400      0.00044300      0.00030800      0.06764500     -0.41386200      0.26525300      0.25287200      0.05653800      0.03601800     -0.01129300     -0.23796100     -0.70909600      0.66374400      0.87861600     -0.44844800     -0.16409300      0.41401300      0.54412900      0.72973600     -0.00007900      0.00028400      0.00019900      0.07007600     -0.38218900      0.06442700      0.15859400      0.07114500      0.02022800     -0.05785500     -0.46685400      0.80047600     -0.37587700     -0.76403200     -0.57912700     -0.28436600     -0.44530900      0.15442500      0.88195800     -0.00017800     -0.00092800     -0.00058900     -0.00090600     -0.00436700     -0.00169100     -0.90252600
0.12284400     -0.03163500      0.42530900     -0.31188700      0.85783300     -0.40852500     -0.85909200     -0.43820100     -0.26440800     -0.40545400      0.26742600      0.87413800     -0.00025000     -0.00128500     -0.00082000      0.00000000      0.00000000      0.00000000     -1.06307900     -0.07672100     -0.01222200      0.40098600      0.36116500      0.65304900      0.66564100     -0.81269600      0.57044700     -0.11852900     -0.45754600     -0.49897700      0.73589200      0.00025900     -0.00092600     -0.00064500      0.05536300     -0.33889000      0.29451200      0.25516100      0.05659200      0.03595300     -0.01122500     -0.24669300     -0.71995100      0.64870000      0.87877600     -0.44837500     -0.16343500      0.40852700      0.52974400      0.74328700      0.00102400     -0.00527300      0.00460800      0.00694500     -0.23124100      0.10076600      0.16088000      0.07110700      0.02021700     -0.05791000     -0.46807900      0.79999000     -0.37538700     -0.76462000     -0.57961100     -0.28179000     -0.44300800      0.15512900      0.88299300     -0.00014100     -0.00073700     -0.00047000      0.00086700     -0.00040200      0.00032500     -0.90317900
0.12279900     -0.03163200      0.42527500     -0.31199500      0.85779600     -0.40852100     -0.85902800     -0.43831400     -0.26442800     -0.40550600      0.26736100      0.87413400     -0.00002100      0.00823900     -0.01101800      0.03587300     -0.01155200      0.01874000     -1.06251100     -0.07667700     -0.01229200      0.40107000      0.36079900      0.66285600      0.65607800     -0.81773400      0.56309400     -0.11903700     -0.44876600     -0.49438300      0.74435100      0.00000300     -0.00001100     -0.00000800      0.04868500     -0.73058800      0.02380000      0.25533200      0.05661500      0.03591500     -0.01118400     -0.24537900     -0.72733100      0.64091900      0.88252600     -0.44118700     -0.16279100      0.40116800      0.52568200      0.75014700      0.00085300     -0.00465700      0.00503700     -1.09941700     -0.07214200     -0.94190700      0.16137000      0.07108900      0.02021400     -0.05792400     -0.46816700      0.79993900     -0.37538600     -0.76455000     -0.57969700     -0.28180200     -0.44303500      0.15507200      0.88299000     -0.00007000     -0.00037000     -0.00023500      0.00007700     -0.00006900      0.00008500     -0.90301600
0.12266800     -0.03158800      0.42525600     -0.31237900      0.85767400     -0.40848500     -0.85887500     -0.43865900     -0.26435400     -0.40553500      0.26719000      0.87417300     -0.00000000     -0.00000000     -0.00000000      0.00000000      0.00000000      0.00000000     -1.05918900     -0.07672700     -0.01239000      0.40127000      0.36531800      0.67272300      0.64341100     -0.82106800      0.55852600     -0.11760300     -0.43891000     -0.48616800      0.75555400     -0.00072800      0.00259900      0.00180900      0.12570200     -0.62450100      0.18323700      0.25312300      0.05659000      0.03586400     -0.01108700     -0.24905400     -0.73822500      0.62689300      0.88538900     -0.43587800     -0.16153700      0.39250000      0.51481300      0.76217400     -0.00040700      0.00143100      0.00099600      0.14753100     -0.71699900      0.14686100      0.16088000      0.07101900      0.02024100     -0.05793600     -0.46852700      0.79974300     -0.37535700     -0.76432100     -0.58001900     -0.28176200     -0.44305200      0.15488000      0.88301500     -0.00668900      0.00534200     -0.00462900      0.03487500      0.00313700     -0.01077600     -0.90383200
0.12251200     -0.03157100      0.42523400     -0.31274600      0.85756200     -0.40843900     -0.85873800     -0.43897800     -0.26426800     -0.40554100      0.26702500      0.87422000     -0.00016600     -0.00085200     -0.00054400      0.00000000      0.00000000      0.00000000     -1.05260200     -0.07669700     -0.01253400      0.40154100      0.37014400      0.68232300      0.63041200     -0.82415600      0.55432100     -0.11588400     -0.42896100     -0.47752300      0.76669900     -0.00022800      0.00081400      0.00056700      0.05631300     -0.31558300      0.30371300      0.25349700      0.05660400      0.03579900     -0.01095200     -0.25258000     -0.74883700      0.61273600      0.88803100     -0.43085900     -0.16050000      0.38419100      0.50359000      0.77381700      0.00069400     -0.00410500      0.00542500      0.02515000     -0.32699200      0.27670300      0.15908400      0.07094100      0.02025200     -0.05794600     -0.46886500      0.79956400     -0.37531500     -0.76412800     -0.58031000     -0.28168800     -0.44302700      0.15471500      0.88305600     -0.00010500     -0.00053900     -0.00034200     -0.00000300     -0.00001100      0.00002500     -0.90203600
0.12244600     -0.03157200      0.42519700     -0.31292100      0.85750400     -0.40842700     -0.85865500     -0.43914600     -0.26426000     -0.40558200      0.26693700      0.87422800     -0.00023200     -0.00118500     -0.00075600      0.00000000      0.00000000      0.00000000     -1.05024800     -0.07664800     -0.01263900      0.40167600      0.37606800      0.68602600      0.62284200     -0.82267700      0.55648400     -0.11602500     -0.42664500     -0.46962800      0.77284300      0.00167500     -0.00920900      0.01015400      0.06720800     -0.49250200      0.21128500      0.25075400      0.05662800      0.03574800     -0.01088400     -0.25831100     -0.75247900      0.60584500      0.88681200     -0.43345200     -0.16025800      0.38319600      0.49587500      0.77927300     -0.00000400      0.00000100     -0.00000100      0.12240500     -0.52909000      0.00772300      0.15859400      0.07090800      0.02025200     -0.05796400     -0.46902600      0.79947400     -0.37530600     -0.76401500     -0.58045800     -0.28168600     -0.44305100      0.15462100      0.88306100     -0.00687000      0.00442500     -0.00521200      0.03487100      0.00311000     -0.01081000     -0.90220000
0.12232800     -0.03160700      0.42510300     -0.31330600      0.85737100     -0.40841000     -0.85847800     -0.43951300     -0.26422500     -0.40565900      0.26675800      0.87424700     -0.00068600     -0.00350400     -0.00223900     -0.00156700      0.00870000     -0.02742900     -1.03667800     -0.07656600     -0.01291800      0.40197500      0.37844700      0.69294300      0.61367700     -0.82259600      0.55574800     -0.12005900     -0.42469500     -0.46024500      0.77953300      0.00176900     -0.00954500      0.00992300      0.01595300     -0.28320800      0.29283100      0.22092100      0.05666900      0.03560800     -0.01073500     -0.26002900     -0.75977500      0.59592300      0.88649200     -0.43248500     -0.16458200      0.38277300      0.48548600      0.78599400      0.00089500     -0.00482800      0.00492300      0.00106700     -0.19215000      0.11882200      0.14259200      0.07085000      0.02023800     -0.05800900     -0.46936100      0.79928300     -0.37529300     -0.76378200     -0.58077000     -0.28167400     -0.44309700      0.15443600      0.88307000     -0.00694600      0.00404100     -0.00545900      0.03487700      0.00310800     -0.01081500     -0.90268900
0.12224500     -0.03173500      0.42496100     -0.31367300      0.85723900     -0.40840600     -0.85831600     -0.43986100     -0.26417100     -0.40571800      0.26660900      0.87426500     -0.00102300     -0.00521700     -0.00333900      0.00000000      0.00000000      0.00000000     -0.99604100     -0.07659400     -0.01308900      0.40228400      0.37677300      0.70410600      0.60188700     -0.82683300      0.54856000     -0.12394600     -0.41789200     -0.45184800      0.78807600      0.00066300     -0.00559700      0.01267100      0.08613600     -0.49095800     -0.00072300      0.19751100      0.05665800      0.03551400     -0.01058600     -0.25734900     -0.76940000      0.58463100      0.88955400     -0.42494400     -0.16767200      0.37744200      0.47691100      0.79378300      0.00019400     -0.00233100      0.00666000      0.13464500     -0.67949200     -0.04365600      0.10503500      0.07080900      0.02017400     -0.05808000     -0.46971500      0.79907500     -0.37529500     -0.76354900     -0.58110100     -0.28162500     -0.44312400      0.15427300      0.88308500     -0.00062400     -0.00319900     -0.00204700     -0.00158500      0.00870700     -0.02742000     -0.90024000
0.12218400     -0.03194400      0.42473000     -0.31456300      0.85815500     -0.40578900     -0.85807900     -0.43980100     -0.26504000     -0.40552800      0.26375700      0.87521800     -0.00133900     -0.00682600     -0.00437900      0.00110500      0.01988300     -0.02403400     -0.98660200     -0.07645500     -0.01312100      0.40275400      0.38034000      0.71465700      0.58702500     -0.82856800      0.54528000     -0.12680200     -0.41116600     -0.43906300      0.79876700      0.01324800     -0.00034300      0.01483800      0.15128100     -0.68061500     -0.22069400      0.19410900      0.05672200      0.03549900     -0.01035000     -0.26000100     -0.77908300      0.57046300      0.89070800     -0.42164000     -0.16987500      0.37287700      0.46394900      0.80356300      0.00008900     -0.00196800      0.00690600      0.17693600     -0.80248200     -0.11954000      0.08788900      0.07077800      0.02006900     -0.05819600     -0.47076400      0.79982300     -0.37237500     -0.76336700     -0.58087300     -0.28258900     -0.44232400      0.15122600      0.88401300     -0.00058700      0.00115600     -0.00741000      0.03316900     -0.02670600      0.01127000     -0.89893400
