0.10899500      0.01424800      0.44525300      0.85108800      0.28024100     -0.44402700     -0.31349400      0.94957400     -0.00169800      0.42010100      0.14030300      0.89658100      0.00032500      0.00136200      0.00057700      0.00000000      0.00000000      0.00000000     -0.26338200     -0.08992500      0.03935600      0.43668400      0.49859000      0.71689800      0.48729500     -0.83737400      0.54355200      0.05735800     -0.22436000     -0.43755000      0.87067500     -0.01927300     -0.01361100     -0.01817000      0.02975500      0.04062600     -0.06175300     -1.40459500      0.05000500      0.06175000      0.00663600     -0.38035400     -0.79508300      0.47241000      0.90505800     -0.42507900      0.01327000      0.19026100      0.43260600      0.88127800     -0.01036300     -0.00257400     -0.01432300      0.06357100      0.05085600     -0.06496900     -0.86670800      0.06417800      0.04316000     -0.04793700      0.78201200      0.44968500     -0.43155300     -0.48400400      0.87440100      0.03408300      0.39267700      0.18222000      0.90144200      0.00023600      0.00099100      0.00042000      0.00005300     -0.00000200     -0.00002300     -0.40089700
0.10902700      0.01428800      0.44530100      0.84944800      0.28511000     -0.44406700     -0.31894000      0.94775900     -0.00171100      0.41932300      0.14273700      0.89656100      0.00051300      0.00215000      0.00091000      0.00000000      0.00000000     -0.00000000     -0.26651700     -0.09071400      0.03885200      0.43588400      0.49597700      0.71757000      0.48896900     -0.83837500      0.54226600      0.05484200     -0.22640400     -0.43804400      0.86989700     -0.03000600     -0.01817100     -0.01955400      0.02687300      0.06556700     -0.11812200     -1.40435500      0.04959500      0.06149100      0.00622300     -0.37750600     -0.79546700      0.47404600      0.90582700     -0.42351000      0.01068800      0.19226100      0.43343900      0.88043400     -0.01497700     -0.00913200     -0.00978300      0.02684500      0.06556200     -0.11809000     -0.86703400      0.06419800      0.04317900     -0.04791400      0.77949700      0.45415900     -0.43142000     -0.48901900      0.87161100      0.03398200      0.39146400      0.18448300      0.90151000      0.00027000      0.00114000      0.00048100     -0.00016400     -0.00014900      0.00008800     -0.40187700
0.10903500      0.01434800      0.44534800      0.84945400      0.28511800     -0.44405200     -0.31892300      0.94776500     -0.00166300      0.41932400      0.14268400      0.89656900      0.00030700      0.00128600      0.00054400      0.00000000      0.00000000      0.00000000     -0.26756100     -0.09156000      0.03806700      0.43517300      0.49246800      0.71721000      0.49302700     -0.83999200      0.53984900      0.05395100     -0.22806700     -0.44161200      0.86765600     -0.01633900     -0.02838100     -0.01022600     -0.00611900      0.05052000     -0.11246800     -1.40425800      0.04917100      0.06110200      0.00586900     -0.37396200     -0.79472900      0.47807600      0.90706800     -0.42086700      0.00990000      0.19333900      0.43735000      0.87826200     -0.00810600     -0.01439100     -0.00517600     -0.00143900      0.04333700     -0.11497000     -0.87046300      0.06420300      0.04321100     -0.04788900      0.77950100      0.45416500     -0.43140500     -0.48900000      0.87161900      0.03403200      0.39147800      0.18442900      0.90151500      0.00014800      0.00062600      0.00026300     -0.00007100      0.00001300      0.00009100     -0.40318300
0.10908000      0.01442200      0.44537800      0.84949800      0.28484600     -0.44414100     -0.31869900      0.94783900     -0.00179700      0.41940500      0.14272700      0.89652400      0.00052800      0.00221300      0.00093500      0.00000000      0.00000000      0.00000000     -0.27013800     -0.09245500      0.03713600      0.43444700      0.48835900      0.71851500      0.49521000     -0.84191700      0.53711100      0.05119100     -0.22979800     -0.44283000      0.86657800     -0.02907800     -0.02287400     -0.02152400      0.02687800      0.06544100     -0.11819900     -1.40394400      0.04872500      0.06063300      0.00550500     -0.36963700     -0.79557100      0.48003600      0.90851200     -0.41779700      0.00714900      0.19487000      0.43876100      0.87721900     -0.01450100     -0.01154500     -0.01078800      0.02689400      0.06530200     -0.11825400     -0.86768700      0.06422500      0.04324600     -0.04787500      0.77959600      0.45390700     -0.43150500     -0.48879200      0.87174000      0.03390100      0.39154900      0.18448700      0.90147200      0.00032700      0.00137900      0.00058200     -0.00003000     -0.00000700      0.00008100     -0.40432600
0.10911100      0.01446100      0.44541500      0.84790400      0.29116200     -0.44308900     -0.32426700      0.94595000      0.00095800      0.41836300      0.14251300      0.89704400      0.00055700      0.00233500      0.00098600     -0.00049700      0.00024000     -0.00024600     -0.27361300     -0.09290300      0.03662200      0.43410000      0.49089700      0.71467700      0.49824500     -0.83953700      0.54077500      0.05170500     -0.23308500     -0.44457700      0.86480300     -0.02740800     -0.03251300     -0.01154000     -0.01611500      0.02884500      0.02653900     -1.40426000      0.04851700      0.06039500      0.00534300     -0.37267100     -0.79205100      0.48349700      0.90664900     -0.42181000      0.00783100      0.19774200      0.44128100      0.87530900     -0.01379700     -0.01584300     -0.00559000     -0.00687100      0.06707300     -0.13657600     -0.87062700      0.06424000      0.04326600     -0.04785600      0.77685800      0.45981500     -0.43018800     -0.49391300      0.86873900      0.03663300      0.39056600      0.18401600      0.90199500      0.00034000      0.00143600      0.00060500      0.00364300     -0.00234700      0.00212600     -0.40514300
0.10916400      0.01456300      0.44554300      0.84790600      0.29124400     -0.44303200     -0.32424300      0.94595800      0.00118300      0.41837800      0.14229200      0.89707300      0.00101500      0.00426100      0.00179500     -0.00000000      0.00000000     -0.00000000     -0.27874000     -0.09375100      0.03564900      0.43348600      0.48735200      0.71285200      0.50430200     -0.84126600      0.53798000      0.05276100     -0.23428800     -0.45086300      0.86121700     -0.01833600     -0.01915200     -0.02063000     -0.08563500      0.23380600     -0.01787500     -1.40391400      0.04809600      0.05990200      0.00503900     -0.36920200     -0.79038700      0.48885200      0.90799800     -0.41888800      0.00849200      0.19806300      0.44701200      0.87232400     -0.00823300     -0.01460200     -0.00537000     -0.20812100      0.37229200      0.00999100     -0.86850400      0.06426600      0.04331400     -0.04779300      0.77685000      0.45985900     -0.43015400     -0.49388100      0.86874900      0.03680300      0.39062100      0.18385500      0.90200400      0.00060400      0.00254400      0.00107200      0.00179300     -0.00907100      0.02752500     -0.40971500
0.10927000      0.01467300      0.44562900      0.84626200      0.29574900     -0.44319000     -0.32937200      0.94418400      0.00102400      0.41770200      0.14474800      0.89699500      0.01254600      0.00083800     -0.00021000      0.00098400     -0.01471500      0.02955300     -0.27695800     -0.09475300      0.03477500      0.43272600      0.48730200      0.70828200      0.51074900     -0.84004200      0.53986000      0.05305200     -0.23875100     -0.45579400      0.85738700     -0.01878800     -0.01787100     -0.02018900     -0.04252000      0.16600900     -0.04399100     -1.40377400      0.04759500      0.05946100      0.00465700     -0.36979500     -0.78570500      0.49590100      0.90698400     -0.42106300      0.00920800      0.20157100      0.45318000      0.86832900     -0.01501700     -0.01030700     -0.01038700     -0.07275400      0.22638700     -0.05564500     -0.86899400      0.06431600      0.04337400     -0.04774800      0.77438700      0.46401400     -0.43013200     -0.49862000      0.86604800      0.03658000      0.38948900      0.18614600      0.90202300      0.00042800      0.00180300      0.00075700     -0.00011400     -0.00000900      0.00024000     -0.41053200
0.10936700      0.01473000      0.44564900      0.84632100      0.29536400     -0.44333400     -0.32905500      0.94429500      0.00083700      0.41783100      0.14481300      0.89692400      0.01254100      0.00083200     -0.00021400      0.00098400     -0.01471500      0.02955300     -0.27914300     -0.09526700      0.03440200      0.43235000      0.48544900      0.70730300      0.51386100     -0.84085800      0.53856500      0.05328400     -0.23965100     -0.45884100      0.85550800     -0.03034900     -0.01974200     -0.02048100      0.00712800      0.09746400     -0.10577200     -1.40388100      0.04733100      0.05926800      0.00446200     -0.36784500     -0.78442000      0.49937300      0.90768700     -0.41953600      0.00960400      0.20197200      0.45680700      0.86633300     -0.01437300     -0.01439400     -0.00509800     -0.00210100      0.05702700     -0.14369800     -0.87144300      0.06436400      0.04340200     -0.04773800      0.77451800      0.46364900     -0.43029100     -0.49832600      0.86622400      0.03639700      0.38960400      0.18623500      0.90195500      0.00042600      0.00180100      0.00075500     -0.00010300      0.00000700      0.00020600     -0.41069500
0.10956100      0.01483100      0.44571600      0.84468400      0.29962100     -0.44360000     -0.33399100      0.94256100      0.00054300      0.41723100      0.14733500      0.89679300      0.01279700      0.00194200      0.00025100      0.00273900     -0.02372600      0.05687000     -0.28262700     -0.09621800      0.03372300      0.43165100      0.48207600      0.70519700      0.51989600     -0.84232300      0.53620400      0.05395200     -0.24131100     -0.46481600      0.85180800     -0.02001600     -0.01353900     -0.01849800     -0.12233400      0.29081600      0.03594300     -1.40359800      0.04685300      0.05892300      0.00411000     -0.36436200     -0.78289400      0.50429800      0.90887700     -0.41695700      0.00937400      0.20293200      0.46176100      0.86347800     -0.00987500     -0.00727700     -0.00944200     -0.22143400      0.45877100      0.06692400     -0.87438200      0.06446100      0.04345000     -0.04770600      0.77210500      0.46756600     -0.43038800     -0.50288300      0.86360200      0.03604100      0.38853600      0.18860800      0.90192300      0.00034800      0.00147600      0.00061700     -0.00028700     -0.00024600      0.00026500     -0.41347100
0.10978900      0.01491800      0.44577500      0.84303300      0.30379900     -0.44390000     -0.33886200      0.94082100      0.00021600      0.41664600      0.14986800      0.89664500      0.00096100      0.00406800      0.00170400      0.00000000     -0.00000000     -0.00000000     -0.27953200     -0.09712000      0.03316400      0.43096500      0.48294100      0.70171100      0.52379400     -0.84052400      0.53911900      0.05294500     -0.24582400     -0.46671500      0.84947700     -0.02049000     -0.01193000     -0.01787000     -0.01852900      0.12046600     -0.03053300     -1.40351700      0.04640200      0.05864400      0.00376800     -0.36571700     -0.77907600      0.50920500      0.90744100     -0.42008200      0.00901600      0.20688400      0.46537200      0.86059700     -0.01014500     -0.00634200     -0.00907600     -0.02219200      0.13483000     -0.05560800     -0.87111600      0.06457900      0.04349300     -0.04767700      0.76971700      0.47134000     -0.43054900     -0.50732200      0.86101900      0.03562400      0.38750300      0.19100700      0.90186300      0.00647300      0.00131300      0.00026500      0.00249700     -0.02380600      0.05722100     -0.41379700
0.11014000      0.01500900      0.44584100      0.84138700      0.30774800     -0.44430100     -0.34353300      0.93912500     -0.00018700      0.41614900      0.15241400      0.89644700      0.01280600      0.00205700      0.00029400      0.00098400     -0.01471500      0.02955300     -0.27922700     -0.09799900      0.03277300      0.43027100      0.48053400      0.69757500      0.53147700     -0.84139300      0.53750800      0.05547000     -0.24756400     -0.47471400      0.84452400     -0.02136000     -0.00857000     -0.01649600     -0.05168200      0.17657000     -0.00828600     -1.40375100      0.04596300      0.05844600      0.00341900     -0.36364000     -0.77492400      0.51696900      0.90816800     -0.41844400      0.01157500      0.20735300      0.47370400      0.85592500     -0.01635400     -0.00561000     -0.00851500     -0.06577000      0.21202500     -0.02950400     -0.86817700      0.06475500      0.04354100     -0.04764300      0.76736400      0.47493300     -0.43080100     -0.51160500      0.85850100      0.03515200      0.38653900      0.19342600      0.90176100      0.00641100      0.00107300      0.00015900      0.00073300     -0.01479400      0.02994500     -0.41249100
0.11030500      0.01505900      0.44589800      0.84153200      0.30863400     -0.44341300     -0.34313800      0.93926700      0.00242300      0.41618200      0.14973600      0.89688200      0.01302000      0.00299400      0.00068400     -0.00067400     -0.01392100      0.02873300     -0.27653200     -0.09845400      0.03266400      0.42993300      0.47944200      0.69463100      0.53629700     -0.84175000      0.53673200      0.05753300     -0.24846800     -0.47988500      0.84133100     -0.02349800      0.00289200     -0.02572300     -0.19791000      0.48123800      0.13576500     -1.40348300      0.04573600      0.05838600      0.00325400     -0.36253300     -0.77315000      0.52039200      0.90852500     -0.41764500      0.01242900      0.20773000      0.47729500      0.85383600     -0.01098800     -0.00300000     -0.00769900     -0.25053200      0.51272000      0.12605600     -0.86948300      0.06483200      0.04356300     -0.04761500      0.76734000      0.47583700     -0.42984500     -0.51123600      0.85860600      0.03784000      0.38707300      0.19071600      0.90210900      0.00071800      0.00307000      0.00127900     -0.01031100      0.05307900     -0.16079600     -0.41249100
0.11061200      0.01515600      0.44606400      0.83978000      0.31311500     -0.44359100     -0.34814100      0.93742400      0.00249300      0.41556800      0.15195600      0.89679400      0.01308100     -0.00433100      0.01190900     -0.03293100     -0.01021100      0.03905900     -0.26843400     -0.09923200      0.03264900      0.42929200      0.47706300      0.69356000      0.53979300     -0.84251600      0.53562500      0.05661400     -0.25044300     -0.48266600      0.83915100     -0.01152600      0.00044700     -0.01327500      0.03037600      0.02729700     -0.03189500     -1.40357600      0.04534300      0.05837900      0.00292900     -0.36048200     -0.77072700      0.52538700      0.90906000     -0.41646700      0.01278500      0.20895300      0.48221800      0.85076600     -0.01159600     -0.00044900     -0.00663200      0.04226700      0.01104200     -0.04217400     -0.85854300      0.06498600      0.04361300     -0.04753700      0.76478400      0.47990200     -0.42988200     -0.51583000      0.85585800      0.03775200      0.38603500      0.19287400      0.90209400      0.00070400      0.00302100      0.00125500      0.00162000     -0.00909500      0.02774000     -0.40922500
0.11098200      0.01527600      0.44624900      0.83810700      0.31708600     -0.44393500     -0.35271200      0.93571400      0.00233700      0.41509300      0.15423500      0.89662500      0.01372000      0.00611600      0.00197100      0.00273100     -0.02369700      0.05688000     -0.26731300     -0.09983600      0.03273800      0.42866500      0.48181200      0.68329900      0.54858900     -0.83673200      0.54460300      0.05675700     -0.26056800     -0.48722800      0.83341200     -0.01127200     -0.00069000     -0.01374900     -0.26249000      0.52613700      0.16760600     -1.40394400      0.04503900      0.05843200      0.00261800     -0.36597000     -0.76302700      0.53278000      0.90459600     -0.42612400      0.01109300      0.21856700      0.48601100      0.84618000     -0.01221200      0.00340800     -0.01201600      0.07188800      0.02690400     -0.04141400     -0.86180900      0.06517000      0.04366800     -0.04744100      0.76239700      0.48352200     -0.43006500     -0.52001100      0.85333300      0.03755300      0.38514700      0.19500900      0.90201600      0.00682200      0.00291000      0.00091800      0.00233400     -0.02397300      0.05724200     -0.40595900
0.11120100      0.01534700      0.44634400      0.83636700      0.32128600     -0.44419600     -0.35754900      0.93387700      0.00213100      0.41446700      0.15664700      0.89649600      0.01339000     -0.00291100      0.01248900      0.03333900     -0.01056900     -0.09473300     -0.26623900     -0.10018700      0.03272000      0.42834900      0.48845500      0.67628500      0.55140000     -0.83072500      0.55369800      0.05699900     -0.26735600     -0.48675400      0.83153700     -0.02239100     -0.00453500     -0.01480900     -0.14786500      0.34370600      0.05952200     -1.40356900      0.04486700      0.05842700      0.00246200     -0.37361800     -0.75632300      0.53701400      0.89985800     -0.43601600      0.01198100      0.22508500      0.48771400      0.84348700     -0.00549100     -0.00095900     -0.00712300     -0.25527600      0.51016600      0.15826600     -0.86164500      0.06528000      0.04370800     -0.04739700      0.75998100      0.48721000     -0.43017800     -0.52430000      0.85071800      0.03724100      0.38410400      0.19724000      0.90197500      0.00678700      0.00279300      0.00086800      0.22591200     -0.02380200     -0.39325900     -0.40563300
0.11168000      0.01548400      0.44649800      0.83478100      0.32606200     -0.44370000     -0.36173700      0.93225500      0.00439200      0.41403400      0.15643800      0.89673300      0.01345900      0.00512600      0.00154800      0.00222900     -0.02344700      0.05663700     -0.26139100     -0.10090700      0.03249200      0.42780700      0.48741700      0.67106000      0.55865500     -0.82901000      0.55645500      0.05508600     -0.27449400     -0.49082400      0.82680600     -0.02216100     -0.00569100     -0.01530100     -0.11799900      0.29498200      0.04027400     -1.40383500      0.04451000      0.05831800      0.00219300     -0.37309800     -0.75131800      0.54435100      0.89845800     -0.43894400      0.00996800      0.23145000      0.49279600      0.83879700     -0.00535300     -0.00161500     -0.00740200     -0.26309800      0.58525800     -0.02510400     -0.85952300      0.06552000      0.04377700     -0.04731500      0.75745500      0.49175000     -0.42946700     -0.52823600      0.84817600      0.03952500      0.38370100      0.19692200      0.90221600      0.00666500      0.00229900      0.00065700      0.00451200     -0.01701700      0.03200700     -0.40367300
0.11225000      0.01560300      0.44667100      0.83307700      0.32971100     -0.44420600     -0.36604500      0.93057300      0.00410600      0.41368200      0.15877600      0.89648400      0.01373800      0.00644500      0.00208300      0.00272300     -0.02367200      0.05688900     -0.26382300     -0.10131800      0.03226800      0.42735700      0.48372800      0.67160200      0.56120400     -0.82994700      0.55546000      0.05084700     -0.27816600     -0.49121000      0.82534800     -0.01071900     -0.00332700     -0.01487700      0.03200100      0.02444200     -0.03305500     -1.40373900      0.04429700      0.05819900      0.00196500     -0.36935300     -0.75075600      0.54767100      0.89912600     -0.43764100      0.00645100      0.23484000      0.49480800      0.83666800     -0.00455900     -0.00634000     -0.00239600     -0.00184800      0.02134500     -0.05755300     -0.86458500      0.06580500      0.04383300     -0.04722900      0.75510400      0.49501000     -0.42986100     -0.53216000      0.84573900      0.03911300      0.38291200      0.19922100      0.90204600      0.01271900      0.00200500      0.00024400      0.00339500     -0.03868900      0.08697500     -0.40220400
0.11279600      0.01576200      0.44682000      0.83135300      0.33334300     -0.44472400     -0.37038400      0.92885600      0.00372100      0.41328900      0.16121800      0.89623000      0.01315800     -0.00368500      0.01214700     -0.03469300     -0.00141700      0.01161400     -0.26264300     -0.10156900      0.03201500      0.42684400      0.48319300      0.66893000      0.56484500     -0.82721200      0.56006000      0.04457400     -0.28711800     -0.48962500      0.82322200     -0.00980800     -0.00744700     -0.01664900      0.03228000      0.03574500     -0.06098700     -1.40364400      0.04417000      0.05808000      0.00171200     -0.36903500     -0.74817700      0.55140100      0.89683700     -0.44235900      0.00000100      0.24391700      0.49451800      0.83423900      0.00074500     -0.00209400     -0.00791200      0.03243100      0.00792100     -0.00360400     -0.86850400      0.06607900      0.04392000     -0.04715700      0.75274800      0.49824500     -0.43025700     -0.53609300      0.84327400      0.03861500      0.38206500      0.20159100      0.90187900      0.00686700      0.00327200      0.00104700      0.00217600     -0.02417600      0.05720500     -0.40302000
0.11304700      0.01585200      0.44685600      0.83287700      0.33384500     -0.44148300     -0.36965400      0.92913900      0.00511700      0.41087000      0.15852600      0.89782000      0.01322800      0.00435000      0.00120900      0.00566900     -0.01434600      0.05975100     -0.26028600     -0.10170300      0.03186500      0.42647200      0.48480200      0.66446900      0.56871600     -0.82409100      0.56477700      0.04283200     -0.29332700     -0.49027500      0.82064200      0.00061400      0.00196800     -0.02728200     -0.05410300      0.22304700      0.10630400     -1.40384300      0.04410300      0.05800600      0.00153700     -0.37101000     -0.74473900      0.55472000      0.89435800     -0.44734400     -0.00241300      0.24994800      0.49522300      0.83203300     -0.00452800     -0.00538800     -0.00904100     -0.20722500      0.37905000      0.29641000     -0.87095300      0.06620400      0.04396300     -0.04713500      0.75428600      0.49893900     -0.42674400     -0.53542500      0.84363600      0.03997400      0.37996200      0.19833800      0.90348800      0.00651500      0.00174400      0.00041800     -0.00468300     -0.03182900      0.03025000     -0.40204000
0.11352500      0.01598200      0.44687700      0.83097500      0.33943800     -0.44080400     -0.37464700      0.92712200      0.00754300      0.41020400      0.15846300      0.89813700      0.01275200      0.00230900      0.00037000      0.00098100     -0.01471100      0.02955200     -0.27481700     -0.10207000      0.03144800      0.42562100      0.48273300      0.66497400      0.56988600     -0.82461500      0.56419300      0.04037600     -0.29526400     -0.49026400      0.81995300     -0.00953200     -0.00659100     -0.03042600      0.06500200      0.04377100     -0.06386100     -1.40339800      0.04391900      0.05779900      0.00110700     -0.36899700     -0.74437000      0.55655500      0.89470300     -0.44664000     -0.00417400      0.25168700      0.49641200      0.83079900     -0.00408300     -0.00745400     -0.00995500      0.03233800      0.03161300     -0.06137500     -0.86523800      0.06644400      0.04403000     -0.04712400      0.75127500      0.50402500     -0.42607900     -0.53991500      0.84064800      0.04243900      0.37957300      0.19816400      0.90368900      0.00643400      0.00142400      0.00028800      0.00658100     -0.02642800      0.05922800     -0.40351000
0.11394400      0.01612600      0.44692800      0.82907500      0.34358000     -0.44117200     -0.37949400      0.92515100      0.00721100      0.40959500      0.16102300      0.89795900      0.01299000      0.00343300      0.00082600      0.00098400     -0.01471500      0.02955300     -0.28573000     -0.10223800      0.03082500      0.42465800      0.48337800      0.65900600      0.57623700     -0.82159300      0.56867900      0.03903300     -0.30255900     -0.49312900      0.81556500      0.00489400     -0.01961700     -0.02268600     -0.24421600      0.51530800      0.14112500     -1.40365200      0.04382700      0.05750200      0.00063200     -0.37000300     -0.74037500      0.56119500      0.89227400     -0.45143400     -0.00728300      0.25873500      0.49804600      0.82765000     -0.00415200     -0.00608900     -0.01646800      0.06648800      0.03257700     -0.06539800     -0.86997300      0.06665200      0.04409600     -0.04710100      0.74862700      0.50775900     -0.42630600     -0.54433700      0.83781400      0.04199400      0.37848800      0.20061600      0.90360300      0.00653700      0.00190900      0.00048500      0.00073100     -0.01496900      0.02991400     -0.41330700
0.11410400      0.01622400      0.44697200      0.82713200      0.34798200     -0.44137000     -0.38454600      0.92306400      0.00699200      0.40881500      0.16351900      0.89786400      0.01338900      0.00525400      0.00156500      0.22223800     -0.02713800     -0.38969200     -0.28582100     -0.10219700      0.03045000      0.42417900      0.48277500      0.65645600      0.57964300     -0.81872900      0.57317600      0.03297100     -0.31118000     -0.49131400      0.81341400      0.00383400     -0.01256500     -0.03381200      0.22558700      0.17943600     -0.15339600     -1.40334500      0.04385000      0.05730300      0.00038800     -0.36997400     -0.73614700      0.56675000      0.88986400     -0.45607900     -0.01149400      0.26694400      0.50007800      0.82380900      0.00279300     -0.01130200     -0.01203100      0.64190300      0.53729400     -0.51069300     -0.87111600      0.06673700      0.04414500     -0.04707900      0.74599200      0.51158000     -0.42635600     -0.54876200      0.83493900      0.04166800      0.37729800      0.20288500      0.90359400      0.00670300      0.00267800      0.00079500      0.22455100     -0.02621900     -0.39397000     -0.41526700
0.11432700      0.01644300      0.44705200      0.82733300      0.34838200     -0.44067600     -0.38380800      0.92335100      0.00927900      0.40910100      0.16103200      0.89818300      0.00140000      0.00629900      0.00256000      0.00172000     -0.00894500      0.02734100     -0.28561900     -0.10206800      0.02960700      0.42321500      0.48429200      0.64817300      0.58764300     -0.81297100      0.58153700      0.02874800     -0.32369100     -0.49247500      0.80780900     -0.00616600     -0.02446500     -0.02445400      0.02680900      0.05037200     -0.08465100     -1.40365500      0.04392000      0.05687900     -0.00010100     -0.37226600     -0.72840400      0.57519000      0.88514300     -0.46504000     -0.01604300      0.27917200      0.50315300      0.81786200      0.00275800     -0.01114800     -0.01205500      0.04055100      0.00735000     -0.06475000     -0.87160600      0.06684800      0.04425500     -0.04703800      0.74603600      0.51211500     -0.42563600     -0.54820900      0.83518300      0.04399600      0.37801500      0.20051500      0.90382300      0.00061700      0.00278300      0.00112800      0.00153200     -0.00078800      0.00116800     -0.41624700
0.11439900      0.01657700      0.44714800      0.82529900      0.35440100     -0.43968900     -0.38907900      0.92111100      0.01201600      0.40823300      0.16072300      0.89863300      0.00096200      0.00432900      0.00175600      0.00172000     -0.00894200      0.02734200     -0.28968300     -0.10188800      0.02863900      0.42229300      0.47949400      0.64751300      0.59228700     -0.81420300      0.57997200      0.02529400     -0.32771300     -0.49518500      0.80452400      0.00586300     -0.02395900     -0.02506400      0.03132100      0.03081600     -0.05720600     -1.40346300      0.04400800      0.05638500     -0.00057100     -0.36736600     -0.72738200      0.57961800      0.88606400     -0.46314600     -0.01962400      0.28272200      0.50637000      0.81465100      0.00297000     -0.01209800     -0.01258600      0.03484700      0.01882400     -0.06040300     -0.86883000      0.06688400      0.04432500     -0.04699000      0.74292400      0.51762500     -0.42441300     -0.55296100      0.83189900      0.04666000      0.37722200      0.20001900      0.90426400      0.00033800      0.00153000      0.00061900      0.00343800     -0.00185700      0.00217600     -0.41657300
0.11437800      0.01664700      0.44717800      0.82525200      0.35460600     -0.43961200     -0.38924600      0.92103900      0.01211700      0.40816900      0.16068400      0.89866900      0.00064800      0.00291400      0.00118100     -0.00000000      0.00000000     -0.00000000     -0.29426600     -0.10177800      0.02810200      0.42184800      0.47661700      0.64792300      0.59415800     -0.81467800      0.57944400      0.02182900     -0.33071700     -0.49526700      0.80324300      0.00717400     -0.03214500     -0.01461700     -0.00346100      0.03134800     -0.08049300     -1.40360200      0.04405900      0.05613300     -0.00078100     -0.36448500     -0.72749300      0.58129500      0.88632200     -0.46249300     -0.02306800      0.28562700      0.50680800      0.81336500      0.00284000     -0.01151000     -0.01236900      0.02954600      0.02600000     -0.05637900     -0.86915700      0.06687800      0.04436000     -0.04697500      0.74286400      0.51775500     -0.42436100     -0.55307500      0.83182100      0.04670500      0.37717500      0.20000800      0.90428700      0.00042600      0.00192300      0.00078000      0.00203800     -0.00917400      0.02788700     -0.41934900
0.11426800      0.01676100      0.44725200      0.82525600      0.35470700     -0.43952300     -0.38930300      0.92101400      0.01220100      0.40810600      0.16060500      0.89871200      0.00054900      0.00246800      0.00099900      0.00000000      0.00000000      0.00000000     -0.29812400     -0.10148600      0.02718900      0.42105000      0.47350000      0.64575600      0.59898900     -0.81191000      0.58358400      0.01285700     -0.34183200     -0.49322600      0.79983900      0.00469300     -0.01865900     -0.02292000      0.60196100      0.49189200     -0.40874300     -1.40318000      0.04420700      0.05566500     -0.00118000     -0.36318200     -0.72533500      0.58479700      0.88398800     -0.46656400     -0.02969700      0.29438600      0.50616800      0.81063500      0.00242600     -0.00964000     -0.01160100      0.32942200      0.03680000      0.34671900     -0.87291300      0.06681900      0.04441700     -0.04693800      0.74284800      0.51786100     -0.42425900     -0.55313100      0.83177800      0.04679300      0.37712200      0.19991100      0.90433000      0.00029800      0.00134700      0.00054700      0.00164700     -0.00893600      0.02754900     -0.42424800
0.11413200      0.01680900      0.44727900      0.82312600      0.35974500     -0.43942200     -0.39487500      0.91863800      0.01226700      0.40705700      0.16298000      0.89876000     -0.00027300     -0.00122500     -0.00049600      2.42847800     -0.06779200     -4.96702000     -0.29641300     -0.10136400      0.02635800      0.42041100      0.46908300      0.64497500      0.60329000     -0.81303900      0.58206500      0.01007800     -0.34522300     -0.49603700      0.79663700     -0.00626500     -0.02691900     -0.01184100     -0.00476900      0.03691100     -0.08257400     -1.40373700      0.04427400      0.05524500     -0.00151200     -0.35709700     -0.72382000      0.59039300      0.88469000     -0.46487400     -0.03483300      0.29967200      0.50987600      0.80636300      0.00277000     -0.01234700     -0.00574700      0.00020800      0.02167800     -0.08381100     -0.87699500      0.06675300      0.04444700     -0.04692200      0.74280900      0.51800300     -0.42415200     -0.55323800      0.83170300      0.04685600      0.37704100      0.19985200      0.90437700     -0.00018300     -0.00081600     -0.00032800     -0.00180400      0.00895300     -0.02721600     -0.42473800
0.11403200      0.01681700      0.44727600      0.82307000      0.36001500     -0.43930600     -0.39510500      0.91853700      0.01237200      0.40694800      0.16294900      0.89881500     -0.00001700     -0.00007800     -0.00003100      0.00000000     -0.00000000     -0.00000000     -0.29785900     -0.10143400      0.02537600      0.41981700      0.47030500      0.63796400      0.60976000     -0.80401900      0.59454500     -0.00172200     -0.36419800     -0.49025100      0.79175500      0.00442500     -0.01753500     -0.02266600      2.85226900      1.57998400     -0.10781600     -1.40334900      0.04423400      0.05475800     -0.00180200     -0.35954000     -0.71815000      0.59581100      0.87801800     -0.47654700     -0.04456000      0.31593300      0.50711200      0.80188700     -0.00267700     -0.01537800     -0.00689700      3.35344100      0.04307000      4.27267400     -0.87699500      0.06670100      0.04444500     -0.04692600      0.73971600      0.52266300     -0.42384300     -0.55837600      0.82826300      0.04686300      0.37554700      0.20199900      0.90452100     -0.00001100     -0.00005200     -0.00002100     -0.00012200     -0.00001800      0.00021900     -0.42539100
0.11400600      0.01684200      0.44725500      0.82091500      0.36490600     -0.43930300     -0.40059000      0.91615900      0.01231300      0.40594100      0.16542600      0.89881700      0.00026800      0.00890400     -0.01057800      0.03570300     -0.01321400      0.01795100     -0.29750300     -0.10139900      0.02480500      0.41956400      0.48019500      0.62493100      0.61552000     -0.78682000      0.61700400     -0.01241800     -0.38812000     -0.47912700      0.78718700      0.00625900     -0.02811100     -0.01330400      0.25207200      0.17010200     -0.08730300     -1.40337100      0.04425000      0.05447700     -0.00193100     -0.37037500     -0.70602700      0.60361100      0.86279800     -0.50220900     -0.05800800      0.34409500      0.49931000      0.79516400      0.00307100     -0.01377700     -0.00651600      0.89843900      0.53410700     -0.13339100     -0.88042400      0.06668800      0.04445400     -0.04693200      0.73668000      0.52709200     -0.42364500     -0.56333700      0.82490300      0.04673700      0.37410100      0.20422500      0.90462100     -0.00000100     -0.00000400     -0.00000100     -0.00033500     -0.00020500      0.00029700     -0.42588100
0.11406100      0.01682700      0.44726800      0.81880800      0.36949900     -0.43939600     -0.40577300      0.91387700      0.01223000      0.40505200      0.16782800      0.89877300      0.00000000      0.00000000      0.00000000      0.00000000     -0.00000000     -0.00000000     -0.28870900     -0.10137200      0.02393700      0.41913900      0.48481300      0.61033600      0.62644900     -0.77408600      0.63279400     -0.01726400     -0.40753700     -0.47732400      0.77842100     -0.00785300     -0.02032700     -0.00898200     -0.12450900      0.25979600      0.01003400     -1.40354000      0.04427000      0.05401900     -0.00215500     -0.37662000     -0.69268300      0.61509800      0.85209700     -0.51953600     -0.06333500      0.36343700      0.50027100      0.78590100     -0.00401200     -0.00975700     -0.00429800     -0.14688800      0.29719100      0.02832600     -0.88320000      0.06671500      0.04445000     -0.04692900      0.73375900      0.53120600     -0.42357600     -0.56801200      0.82170300      0.04653200      0.37277300      0.20645300      0.90466300     -0.00000300     -0.00000600     -0.00000300     -0.00023200     -0.00001800      0.00038000     -0.42261500
0.11423400      0.01676200      0.44727500      0.81888700      0.36913300     -0.43955700     -0.40543300      0.91402900      0.01215200      0.40523300      0.16780800      0.89869600     -0.00000100     -0.00000300     -0.00000100      0.00000000      0.00000000      0.00000000     -0.28609600     -0.10187600      0.02353700      0.41870100      0.48126100      0.60938600      0.63010200     -0.77759300      0.62856400     -0.01380300     -0.40505400     -0.48408800      0.77553500     -0.02296800     -0.00586300     -0.01585000      0.02257400      0.05356600     -0.05653800     -1.40302700      0.04402600      0.05382100     -0.00236800     -0.37314700     -0.69099300      0.61910300      0.85515000     -0.51497100     -0.05935200      0.35983200      0.50727900      0.78306300     -0.00483600     -0.00612100     -0.00256500     -0.00090900      0.07781600     -0.25301100     -0.87977100      0.06680200      0.04441700     -0.04692600      0.73390900      0.53085800     -0.42375100     -0.56769600      0.82192500      0.04646100      0.37295700      0.20646400      0.90458500      0.00587100     -0.00101700     -0.00070500      0.00084200     -0.01469800      0.02983500     -0.41983900
0.11440900      0.01677800      0.44725200      0.81899800      0.36860500     -0.43979300     -0.40502800      0.91421200      0.01185400      0.40541300      0.16796900      0.89858400      0.01186400     -0.00148300     -0.00118100      0.00098400     -0.01471500      0.02955300     -0.28454000     -0.10241800      0.02314200      0.41820200      0.47457100      0.61224700      0.63239800     -0.78073000      0.62453900     -0.01857100     -0.40690100     -0.48569000      0.77356300     -0.01044600     -0.00665300     -0.01698800      0.03207800      0.02417000     -0.03320100     -1.40273700      0.04374800      0.05363600     -0.00261200     -0.36599900     -0.69326600      0.62082700      0.85757300     -0.51032600     -0.06430300      0.36140300      0.50887000      0.78130500     -0.00436900     -0.00833400     -0.00364100     -0.00428800      0.03537200     -0.08361800     -0.87601500      0.06688500      0.04442600     -0.04693700      0.73411200      0.53038200     -0.42399700     -0.56734100      0.82218600      0.04618100      0.37309800      0.20664900      0.90448500      0.00007600      0.00033900      0.00013500     -0.00008600      0.00000200      0.00019100     -0.41885900
0.11449500      0.01679600      0.44725500      0.81906100      0.36832600     -0.43991000     -0.40480200      0.91431400      0.01171900      0.40551100      0.16802700      0.89852900      0.00041500      0.00187000      0.00075600      0.00000000      0.00000000      0.00000000     -0.27491000     -0.10261300      0.02295300      0.41796200      0.48057000      0.60705700      0.63287100     -0.77374300      0.63314400     -0.01959700     -0.41317600     -0.48102600      0.77315100     -0.01084700     -0.00488400     -0.01614700      1.08212100     -0.00836400      1.24957400     -1.40297600      0.04365100      0.05353700     -0.00273400     -0.37143900     -0.68967000      0.62160100      0.85271700     -0.51825400     -0.06546400      0.36729500      0.50573400      0.78059300     -0.00454400     -0.00733200     -0.00317900      3.50063300     -0.08293100      4.21512100     -0.87764800      0.06693200      0.04443100     -0.04693700      0.73423600      0.53010000     -0.42413500     -0.56711900      0.82234700      0.04604000      0.37319300      0.20673100      0.90442700      0.00611200      0.00007500     -0.00026300      0.00265000     -0.02365700      0.05704800     -0.41690000
