0.11164700      0.01291400      0.44610900      0.85495200      0.25742800     -0.45036900     -0.29075600      0.95676800     -0.00518800      0.42849900      0.13507000      0.89340400     -0.00000800      0.00764700     -0.01111500      0.03569200     -0.01332000      0.01789500     -0.26289700     -0.08509000      0.03057700      0.43099900      0.32488900      0.48109000      0.81424300     -0.86921500      0.49109200      0.05680500     -0.37292400     -0.72680200      0.57667100     -0.00000000      0.00000000      0.00000000     -1.29116500     -1.76743600      2.49227000      0.14549100      0.05240800      0.05735000      0.00378000     -0.22678100     -0.54977100      0.80394100      0.92971200     -0.36813500      0.01051300      0.29017900      0.74981900      0.59461400     -0.00000200      0.00001000      0.00000000      0.13569800     -0.71481200      0.36930200      0.01391900      0.06550800      0.04249000     -0.04750500      0.78999400      0.42825300     -0.43875700     -0.46302400      0.88580600      0.03091300      0.40189200      0.17873400      0.89807300     -0.00017200     -0.00075500     -0.00032200     -0.00190200      0.00887300     -0.02711800     -0.40644900
0.11164100      0.01291300      0.44597900      0.85494000      0.25729800     -0.45046700     -0.29079000      0.95675600     -0.00552500      0.42850100      0.13540300      0.89335300     -0.00070000     -0.00303900     -0.00128700     -0.00174600      0.00892900     -0.02734500     -0.25892400     -0.08541200      0.03057800      0.43100400      0.35937400      0.49957200      0.78820600     -0.86873000      0.48746800      0.08727200     -0.34105600     -0.71672100      0.60815700     -0.01406000      0.00958200     -0.00947100     -1.30204500     -0.77102400     -0.39358600      0.14671000      0.05225800      0.05734300      0.00378400     -0.26378400     -0.57018500      0.77801400      0.92768700     -0.37090500      0.04270400      0.26422000      0.73301900      0.62679300     -0.00613900      0.00004100      0.00029800     -1.31468300     -1.84173900      2.59198000      0.01424500      0.06550600      0.04249600     -0.04757200      0.79001700      0.42808700     -0.43887600     -0.46303300      0.88581400      0.03053500      0.40183400      0.17909200      0.89802700     -0.00005600      0.00358600     -0.00565700      0.03560400     -0.01332400      0.01805800     -0.40351000
0.11162900      0.01294300      0.44584100      0.85334900      0.26246300     -0.45050300     -0.29670300      0.95493800     -0.00579000      0.42762000      0.13828700      0.89333300     -0.00007000      0.00737800     -0.01122600      0.05585500     -0.01307500     -0.02210000     -0.25868800     -0.08566200      0.03075600      0.43107000      0.37534400      0.52444400      0.76424300     -0.87694700      0.46780000      0.10983000     -0.30036400     -0.71207400      0.63450400     -0.00159400      0.00578300      0.00250900     -3.98507200     -1.65768300     -2.83993900      0.16048200      0.05212300      0.05743700      0.00381400     -0.27653600     -0.59573400      0.75407400      0.93507000     -0.34785800      0.06809700      0.22174300      0.72394400      0.65324900     -0.00084700      0.00304600      0.00134200     -4.01474400     -1.55969600     -2.81144500      0.02420600      0.06549900      0.04250500     -0.04763900      0.78750600      0.43287300     -0.43869600     -0.46849500      0.88294800      0.03023100      0.40043200      0.18172000      0.89812600     -0.00021000     -0.00091500     -0.00039000      0.06747600      0.00057400     -0.13459500     -0.40285700
0.11161100      0.01297900      0.44579300      0.85336300      0.26230200     -0.45057200     -0.29664000      0.95495600     -0.00601000      0.42763700      0.13846700      0.89329700     -0.00002800     -0.00012200     -0.00005200      0.00000000      0.00000000     -0.00000000     -0.25723200     -0.08563100      0.03088000      0.43111000      0.38162700      0.53452100      0.75408200     -0.87878000      0.46259400      0.11698300     -0.28676300     -0.70797900      0.64528700      0.01023600      0.00725400      0.00259100     -0.12312000     -1.10814300      0.38060700      0.18450500      0.05213700      0.05750300      0.00383600     -0.28078200     -0.60667900      0.74370700      0.93697000     -0.34116700      0.07544000      0.20796100      0.71801300      0.66423400      0.00510600      0.00365800      0.00130700     -0.15918400     -1.02470700      0.40850100      0.04200500      0.06549000      0.04252300     -0.04766800      0.78752900      0.43274000     -0.43878400     -0.46847500      0.88296700      0.02998600      0.40040900      0.18194500      0.89809100      0.00014300      0.00445500     -0.00528900      0.03551000     -0.01344500      0.01811400     -0.40236700
0.11159400      0.01306800      0.44568000      0.85333000      0.26231000     -0.45063000     -0.29681100      0.95490100     -0.00632500      0.42758500      0.13883100      0.89326600     -0.00000000     -0.00000100     -0.00000000      0.00000000      0.00000000      0.00000000     -0.25740200     -0.08575400      0.03096400      0.43113000      0.39927300      0.54138100      0.73991800     -0.87267000      0.47172900      0.12591000     -0.28135600     -0.69664800      0.65983500     -0.01212200     -0.00040000      0.00037800      0.13620900     -0.42873700      0.58772200      0.16416200      0.05208500      0.05754600      0.00384600     -0.29637400     -0.61685300      0.72914600      0.93291000     -0.35048600      0.08268800      0.20454900      0.70473400      0.67934300     -0.00104100      0.00528700     -0.00479800      0.66454300     -0.13838300      0.02652900      0.05196500      0.06548200      0.04256900     -0.04772400      0.78749800      0.43273700     -0.43884300     -0.46862600      0.88289700      0.02966900      0.40029300      0.18229000      0.89807300      0.00000900      0.00003300      0.00001400     -0.00005900      0.00000500      0.00015900     -0.40138700
0.11158800      0.01316300      0.44557000      0.85175700      0.26718100     -0.45074400     -0.30247700      0.95311800     -0.00673400      0.42675200      0.14175100      0.89320500      0.00028400      0.00890900     -0.01057400      0.03568400     -0.01335800      0.01788200     -0.25508000     -0.08610500      0.03100900      0.43115400      0.41430500      0.55191000      0.72369700     -0.87073000      0.47165500      0.13894200     -0.26515200     -0.68839500      0.67503300     -0.00088800      0.00323600      0.00139900      0.10532800     -0.42709900      0.47579700      0.15566100      0.05190100      0.05756500      0.00385700     -0.31108400     -0.62860200      0.71280100      0.93116200     -0.35166900      0.09625300      0.19016500      0.69367600      0.69472900     -0.00623600      0.00044900      0.00047500      0.13205400     -0.54015300      0.64301600      0.03759600      0.06547900      0.04261400     -0.04777500      0.78504100      0.43726000     -0.43876200     -0.47388000      0.88010400      0.02921500      0.39893100      0.18498700      0.89812700     -0.00000000      0.00001200      0.00000700     -0.00027300     -0.00021100      0.00023800     -0.40073400
0.11159700      0.01324600      0.44544400      0.85172600      0.26712700     -0.45083400     -0.30260900      0.95307300     -0.00710100      0.42672100      0.14215000      0.89315700      0.00026500      0.00882700     -0.01060700      0.03568200     -0.01336500      0.01788000     -0.25073700     -0.08620200      0.03099300      0.43115200      0.42667000      0.55907700      0.71089900     -0.86807500      0.47355300      0.14874700     -0.25400400     -0.68127400      0.68644700      0.00060900     -0.00222100     -0.00096000     -0.27460200     -0.42453600      0.16327200      0.15257000      0.05185000      0.05756700      0.00386000     -0.32310000     -0.63682900      0.70003800      0.92892100     -0.35478300      0.10599200      0.18086300      0.68452700      0.70619400      0.00040200     -0.00146700     -0.00063100     -1.11195500     -0.54777100     -0.86282400      0.02812500      0.06548300      0.04265500     -0.04783800      0.78502400      0.43719700     -0.43885700     -0.47399400      0.88005400      0.02884700      0.39883000      0.18537000      0.89809300     -0.00000800     -0.00003600     -0.00001400     -0.00008500      0.00000300      0.00020300     -0.39795800
0.11158300      0.01331000      0.44538600      0.85170000      0.26717900     -0.45085100     -0.30274600      0.95302900     -0.00725800      0.42667400      0.14235000      0.89314700      0.00047600      0.00974100     -0.01021800      0.03568100     -0.01337200      0.01787800     -0.24975400     -0.08616300      0.03099700      0.43109900      0.43419600      0.55944100      0.70603900     -0.86465300      0.47851900      0.15274000     -0.25293000     -0.67749300      0.69057400      0.00045000     -0.00163900     -0.00070900      0.03265800     -0.23971100      0.54682100      0.15218400      0.05187100      0.05756400      0.00383200     -0.33028400     -0.63849500      0.69515100      0.92654000     -0.35984400      0.10970600      0.18010000      0.68031900      0.71044200      0.00030200     -0.00109300     -0.00047100      0.00657700     -0.12723100      0.37557800      0.02665500      0.06547600      0.04268600     -0.04786800      0.78499100      0.43724000     -0.43887100     -0.47411700      0.87999400      0.02868900      0.39874800      0.18555600      0.89809100      0.00013200      0.00056800      0.00024000     -0.00005500     -0.00002300      0.00015800     -0.39697800
0.11148800      0.01342100      0.44528700      0.85180300      0.26855700     -0.44983700     -0.30294800      0.95298000     -0.00483800      0.42632600      0.14007200      0.89367400      0.00028800      0.00891900     -0.01056500      0.03567800     -0.01338800      0.01787100     -0.25004800     -0.08615200      0.03100200      0.43104800      0.44766700      0.56625000      0.69206000     -0.86289000      0.47638800      0.16855100     -0.23479100     -0.67333000      0.70097300      0.00021500     -0.00078300     -0.00033900     -3.81562100     -1.19141300     -3.48362900      0.15198300      0.05187700      0.05756400      0.00380500     -0.34682100     -0.64411700      0.68178200      0.92289700     -0.36398600      0.12559700      0.16726000      0.67277400      0.72069200      0.00016100     -0.00058200     -0.00025100     -0.44261500     -0.70592900      0.93509100      0.02502200      0.06543300      0.04274300     -0.04791700      0.78485000      0.43856600     -0.43780000     -0.47427000      0.87982800      0.03113600      0.39884400      0.18319900      0.89853200      0.00000200     -0.00000100      0.00000000      0.00391000     -0.00188800      0.00210200     -0.39583500
0.11132400      0.01356000      0.44519200      0.85169600      0.26917800     -0.44966900     -0.30363400      0.95276100     -0.00488100      0.42605300      0.14036400      0.89375800     -0.01160200      0.00326900      0.00193800     -0.00098400      0.01471500     -0.02955300     -0.24968700     -0.08594700      0.03091600      0.43104400      0.45606000      0.57636400      0.67809000     -0.86425700      0.46838800      0.18331900     -0.21250600     -0.67036600      0.71085500      0.01217200      0.00021700     -0.00045800      0.07914800     -0.29589900      0.34933700      0.15759100      0.05197900      0.05752100      0.00380400     -0.35111300     -0.65696300      0.66717100      0.92556500     -0.35126900      0.14120300      0.14159100      0.66708900      0.73139700      0.00610600      0.00004000     -0.00026200      0.08190900     -0.28176600      0.34594500      0.02796200      0.06535100      0.04281200     -0.04796900      0.78463600      0.43911400     -0.43763400     -0.47490100      0.87949200      0.03101400      0.39851400      0.18349800      0.89861700      0.00018000      0.00077400      0.00033200     -0.01193100      0.06209400     -0.18845200     -0.39550900
0.11123000      0.01363200      0.44515200      0.85167600      0.26930700     -0.44963000     -0.30382100      0.95270100     -0.00498400      0.42596000      0.14052400      0.89377700      0.00012200      0.00052500      0.00022200      0.00000000      0.00000000      0.00000000     -0.24956000     -0.08574000      0.03093300      0.43103100      0.46053000      0.57990400      0.67202400     -0.86360400      0.46751000      0.18856400     -0.20539000     -0.66792300      0.71523200      0.01173000      0.00183200      0.00024200      0.05611700     -0.18528900      0.17704700      0.15824800      0.05207900      0.05752500      0.00379500     -0.35505400     -0.66092500      0.66114500      0.92503400     -0.35057500      0.14631200      0.13508000      0.66353100      0.73585200      0.00015400     -0.00055500     -0.00024500      0.06334700     -0.23647100      0.33009500      0.03090100      0.06530000      0.04285100     -0.04798800      0.78458600      0.43925700     -0.43758000     -0.47509100      0.87939300      0.03091800      0.39838500      0.18363200      0.89864700     -0.00585300      0.00140000      0.00087200     -0.00101400      0.01470700     -0.02948900     -0.39518200
0.11096000      0.01379900      0.44514000      0.85301200      0.26948800     -0.44698000     -0.30407500      0.95261400     -0.00607400      0.42310000      0.14076900      0.89509600     -0.01141300      0.00405900      0.00227300     -0.00028400      0.01686600     -0.02888900     -0.24955100     -0.08541300      0.03109600      0.43099000      0.48304400      0.57941600      0.65645800     -0.85415700      0.47647500      0.20813600     -0.19277900     -0.66197800      0.72421300     -0.00213400      0.01074900     -0.00952000      0.04354100     -0.14165700      0.40085500      0.15818900      0.05224900      0.05760200      0.00377700     -0.37784800     -0.66295900      0.64630800      0.91758100     -0.36131200      0.16582000      0.12358700      0.65569600      0.74484000      0.00545300      0.00241100      0.00076400      0.00201500     -0.15278600      0.44153300      0.03237000      0.06517300      0.04293000     -0.04799600      0.78596900      0.43955300     -0.43479000     -0.47530400      0.87931800      0.02974400      0.39539300      0.18328000      0.90003900     -0.00583800      0.00146600      0.00090200     -0.00694600      0.00027200     -0.03149900     -0.39469200
0.11057900      0.01393600      0.44517400      0.85438900      0.27164300     -0.44303000     -0.30481700      0.95238800     -0.00400800      0.41978300      0.13813800      0.89706600     -0.01168100      0.00289300      0.00177900     -0.00088400      0.01502100     -0.02945900     -0.24273300     -0.08528200      0.03118200      0.43104100      0.49987900      0.57892000      0.64417700     -0.84632400      0.48426300      0.22171600     -0.18420800     -0.65673500      0.73118400     -0.00054900      0.00198200      0.00085800      0.01187800     -0.13720200      0.37315700      0.14754600      0.05231300      0.05765000      0.00380000     -0.39497600     -0.66425500      0.63463100      0.91132100     -0.37061900      0.17926000      0.11613200      0.64915700      0.75173600      0.00539800      0.00260100      0.00084900      0.00788200     -0.08505200      0.24331100      0.02730800      0.06498300      0.04300300     -0.04797800      0.78691600      0.44174300     -0.43084300     -0.47594800      0.87889700      0.03183400      0.39272900      0.18000800      0.90186500     -0.00580600      0.00159600      0.00095600     -0.00323700      0.00687200     -0.03052800     -0.39240600
0.11039300      0.01396400      0.44521600      0.85432400      0.27226700     -0.44277000     -0.30530900      0.95223100     -0.00366800      0.41955700      0.13798400      0.89719500     -0.01180700      0.00235400      0.00155200     -0.00098300      0.01471900     -0.02955200     -0.24295800     -0.08525100      0.03120500      0.43103800      0.50901200      0.57768500      0.63810500     -0.84199000      0.48786600      0.23015900     -0.17897400     -0.65515000      0.73390000     -0.00005100      0.00018500      0.00008000     -0.00057200     -0.14884100      0.38769000      0.13733700      0.05232700      0.05766600      0.00380100     -0.40426800     -0.66404700      0.62897300      0.90784600     -0.37498800      0.18761100      0.11127500      0.64685600      0.75444900     -0.00002500      0.00008800      0.00003400     -0.13480200     -0.27767400      0.54543600      0.01849100      0.06488600      0.04301900     -0.04795600      0.78670100      0.44235300     -0.43060900     -0.47641800      0.87862800      0.03219900      0.39258900      0.17981900      0.90196300     -0.00590300      0.00118100      0.00078200     -0.00126300      0.01357300     -0.02985500     -0.39061000
0.10995900      0.01404500      0.44528200      0.85424700      0.27322900     -0.44232700     -0.30608800      0.95198300     -0.00320600      0.41914800      0.13779700      0.89741500     -0.01183900      0.00221700      0.00149500     -0.00098400      0.01471500     -0.02955300     -0.24319900     -0.08522300      0.03123700      0.43105100      0.52508600      0.57570000      0.62677400     -0.83419800      0.49370800      0.24556200     -0.16871800     -0.65251100      0.73866500     -0.00009200      0.00033200      0.00014400      0.00476100     -0.06954800      0.18792500      0.12643200      0.05234100      0.05768100      0.00380600     -0.42117600     -0.66384700      0.61799300      0.90127700     -0.38261300      0.20323800      0.10153300      0.64258300      0.75945800     -0.00005000      0.00018000      0.00007700      0.01029400     -0.06478700      0.18346100     -0.00306400      0.06466900      0.04305900     -0.04792300      0.78644200      0.44326900     -0.43013900     -0.47713900      0.87822000      0.03265400      0.39223100      0.17955600      0.90217100     -0.00592700      0.00108800      0.00074700     -0.00095000      0.01469500     -0.02968900     -0.38995700
0.10948500      0.01412200      0.44532700      0.85414900      0.27431400     -0.44184500     -0.30699100      0.95169300     -0.00273200      0.41868800      0.13764200      0.89765400     -0.01202700      0.00142400      0.00116000     -0.00098400      0.01471500     -0.02955300     -0.24311500     -0.08528100      0.03128100      0.43107200      0.54307300      0.57424900      0.61261800     -0.82542900      0.49863300      0.26451000     -0.15424500     -0.65003700      0.74399200     -0.00035200      0.00127000      0.00054900     -1.49876300     -1.56585800      1.95761300      0.12120500      0.05231300      0.05770200      0.00381600     -0.43780900     -0.66408800      0.60606100      0.89456400     -0.38915100      0.21980800      0.08987700      0.63839400      0.76444300     -0.00593600     -0.00065300     -0.00000800      0.01036900     -0.04727900      0.15125000     -0.01269800      0.06443700      0.04309700     -0.04790100      0.78615100      0.44428100     -0.42962600     -0.47795900      0.87775700      0.03310600      0.39181600      0.17931800      0.90239900     -0.00606400      0.00049300      0.00049300     -0.00097900      0.01472100     -0.02963400     -0.38963000
0.10926300      0.01416900      0.44534700      0.85409400      0.27486500     -0.44160700     -0.30745700      0.95154400     -0.00250000      0.41845800      0.13757600      0.89777100     -0.01184900      0.00217200      0.00147700     -0.00098400      0.01471500     -0.02955300     -0.24324400     -0.08531900      0.03132100      0.43107900      0.55041500      0.57331600      0.60691300     -0.82149400      0.50126000      0.27169800     -0.14912900     -0.64883700      0.74608000     -0.00054600      0.00197200      0.00085300     -0.44442100     -0.51968500      0.71715300      0.12061500      0.05229400      0.05772100      0.00382000     -0.44667000     -0.66416700      0.59947100      0.89078700     -0.39271300      0.22863600      0.08356700      0.63612700      0.76704500     -0.00034500      0.00124000      0.00053700     -1.49108200     -1.56886900      1.94994900     -0.01531000      0.06431600      0.04312100     -0.04789100      0.78598300      0.44484800     -0.42934700     -0.47842300      0.87749500      0.03335100      0.39158700      0.17919600      0.90252300     -0.00592300      0.00109400      0.00075000     -0.00095300      0.01472000     -0.02960300     -0.38963000
0.10884000      0.01425700      0.44541500      0.85537900      0.27550300     -0.43871400     -0.30798000      0.95137300     -0.00316000      0.41544500      0.13748300      0.89918400      0.00000400      0.00001500      0.00000700      0.00026900      0.00081000      0.00025000     -0.24304300     -0.08540000      0.03147200      0.43103000      0.56145300      0.57472300      0.59536100     -0.81640500      0.50178400      0.28570900     -0.13523100     -0.64718400      0.75015200     -0.00067700      0.00244600      0.00105600     -0.00621100     -0.08081300      0.20089100      0.12062500      0.05225300      0.05779700      0.00379500     -0.45849000     -0.66673700      0.58757700      0.88598100     -0.39459800      0.24357600      0.06945500      0.63226000      0.77163600     -0.00035400      0.00128100      0.00055600      0.00017600     -0.07481800      0.19479100     -0.01710700      0.06410500      0.04316500     -0.04785600      0.78719500      0.44559800     -0.42633900     -0.47890200      0.87726000      0.03264100      0.38855500      0.17847900      0.90397300     -0.00592200      0.00109500      0.00075000     -0.00501400      0.00484200     -0.03111000     -0.38946700
0.10843300      0.01430700      0.44544500      0.85528800      0.27644700     -0.43829700     -0.30876900      0.95111800     -0.00275200      0.41504700      0.13735000      0.89938800     -0.01219000      0.00075500      0.00087900     -0.00098400      0.01471500     -0.02955300     -0.24081500     -0.08552100      0.03157700      0.43109000      0.57477400      0.57314700      0.58406200     -0.80872400      0.50635700      0.29916800     -0.12498600     -0.64501300      0.75379000     -0.00104800      0.00378800      0.00163400      0.00480800     -0.06962900      0.18789400      0.12212500      0.05219400      0.05784700      0.00382400     -0.47214100     -0.66662600      0.57679400      0.87949500     -0.40057100      0.25696300      0.05974900      0.62861000      0.77542100     -0.00633900      0.00082800      0.00063100      0.00759200     -0.06070600      0.18225300     -0.01678000      0.06390200      0.04319200     -0.04784000      0.78688500      0.44649200     -0.42597500     -0.47962900      0.87684600      0.03308200      0.38828600      0.17827900      0.90412900     -0.00611700      0.00028900      0.00040800     -0.00100300      0.01452300     -0.02969600     -0.38897700
0.10812500      0.01433300      0.44548100      0.85522500      0.27714900     -0.43797600     -0.30933700      0.95093400     -0.00240900      0.41475400      0.13720500      0.89954500     -0.01223000      0.00060200      0.00081500     -0.00275200      0.02373400     -0.05686700     -0.23695500     -0.08551400      0.03162500      0.43122600      0.57934900      0.57174900      0.58090400     -0.80564900      0.50935000      0.30236700     -0.12372100     -0.64389300      0.75495600      0.00082400     -0.00601200      0.01156400     -0.02791500     -0.07888500      0.18978700      0.13327600      0.05219600      0.05787600      0.00389000     -0.47690800     -0.66574000      0.57388800      0.87698400     -0.40408900      0.26002000      0.05879600      0.62729600      0.77655700      0.00546200      0.00233100      0.00073300      0.00237200     -0.01501700      0.02929000     -0.00747300      0.06375300      0.04320500     -0.04782200      0.78670700      0.44711900     -0.42564700     -0.48012000      0.87656600      0.03339800      0.38804000      0.17808800      0.90427200     -0.00591900      0.00111300      0.00075700     -0.00091800      0.01469900     -0.02964100     -0.38652800
0.10801800      0.01435300      0.44549500      0.85519800      0.27742100     -0.43785800     -0.30956100      0.95086200     -0.00228500      0.41464400      0.13716000      0.89960300     -0.01184500      0.00219400      0.00148900     -0.00098400      0.01471500     -0.02955300     -0.23624300     -0.08543600      0.03162100      0.43131700      0.58019200      0.57154200      0.58026700     -0.80510600      0.50978700      0.30307800     -0.12330700     -0.64373200      0.75516100      0.00121700     -0.00743300      0.01095300     -0.02878000     -0.06893500      0.16275400      0.12765300      0.05223400      0.05787800      0.00393600     -0.47781100     -0.66562200      0.57327300      0.87651700     -0.40463800      0.26073700      0.05841500      0.62706700      0.77677100      0.00542700      0.00244500      0.00078000      0.00222600     -0.01512200      0.02937500     -0.00616600      0.06369400      0.04321200     -0.04781700      0.78661600      0.44741700     -0.42550100     -0.48036000      0.87642900      0.03353900      0.38792800      0.17801100      0.90433500     -0.00591700      0.00112200      0.00076000     -0.00091900      0.01470900     -0.02963500     -0.38538500
0.10789200      0.01436800      0.44550800      0.85518700      0.27761700     -0.43775500     -0.30972200      0.95081000     -0.00219900      0.41454700      0.13712500      0.89965300     -0.01184100      0.00221200      0.00149700     -0.00098400      0.01471500     -0.02955300     -0.23604100     -0.08546400      0.03169500      0.43147600      0.57988700      0.57169700      0.58041800     -0.80535900      0.50937100      0.30310200     -0.12308200     -0.64392300      0.75503500     -0.01308800      0.00316500      0.00190000     -0.00119800      0.00529900     -0.00219700      0.12818000      0.05222700      0.05790300      0.00401600     -0.47760000     -0.66572100      0.57333400      0.87665200     -0.40426900      0.26085800      0.05812300      0.62720100      0.77668500     -0.00078100      0.00280800      0.00120700      0.00008900      0.00004400      0.00011700     -0.00877900      0.06363100      0.04322000     -0.04781000      0.78657000      0.44760400     -0.42539100     -0.48050800      0.87634400      0.03362200      0.38783900      0.17795800      0.90438400     -0.00591800      0.00112200      0.00075900     -0.00092900      0.01470300     -0.02963200     -0.38473200
0.10785100      0.01439200      0.44552000      0.85518300      0.27768900     -0.43771800     -0.30978200      0.95079000     -0.00216800      0.41451100      0.13711300      0.89967100     -0.01181300      0.00232800      0.00154600     -0.00098400      0.01471500     -0.02955300     -0.23802200     -0.08554700      0.03195900      0.43159000      0.57974000      0.57174200      0.58052100     -0.80546000      0.50926900      0.30300700     -0.12311500     -0.64396400      0.75499400     -0.00207200      0.00748500      0.00320700      0.00084700     -0.00990600      0.02704800      0.13464700      0.05218200      0.05803300      0.00407200     -0.47741100     -0.66575200      0.57345700      0.87675300     -0.40412500      0.26074200      0.05815900      0.62726100      0.77663400     -0.00091300      0.00329100      0.00141200      0.00006700      0.00002100      0.00008200     -0.00486000      0.06361500      0.04323200     -0.04780400      0.78655800      0.44765200     -0.42536100     -0.48054600      0.87632300      0.03364300      0.38781500      0.17794400      0.90439700      0.00001300      0.00005700      0.00002600      0.00006700     -0.00001100     -0.00007300     -0.38489500
0.10783400      0.01440200      0.44551400      0.85517800      0.27772000     -0.43770800     -0.30981900      0.95077900     -0.00217700      0.41449300      0.13713400      0.89967600      0.00000000      0.00000100      0.00000100      0.00000000      0.00000000      0.00000000     -0.23785400     -0.08558200      0.03208500      0.43164300      0.57965900      0.57176800      0.58057600     -0.80551500      0.50921300      0.30295400     -0.12313300     -0.64398600      0.75497300     -0.00193100      0.00697700      0.00298500      0.00084700     -0.00990600      0.02704800      0.13834400      0.05216400      0.05810000      0.00410100     -0.47734400     -0.66576400      0.57349700      0.87678800     -0.40407500      0.26070000      0.05817100      0.62728000      0.77661700     -0.00090800      0.00326700      0.00139900      0.00003900      0.00000000      0.00008700     -0.00143100      0.06360200      0.04323800     -0.04780600      0.78654200      0.44770200     -0.42533900     -0.48059700      0.87629500      0.03364300      0.38778500      0.17795500      0.90440800     -0.00000100     -0.00000800     -0.00000100      0.00007400     -0.00001700     -0.00006800     -0.38522200
0.10783200      0.01440100      0.44550300      0.85517400      0.27772600     -0.43771100     -0.30983500      0.95077300     -0.00219700      0.41448900      0.13715900      0.89967400      0.00032400      0.00892100     -0.01056200      0.03563100     -0.01373000      0.01770600     -0.23782100     -0.08568000      0.03240500      0.43179100      0.58353100      0.57182700      0.57662500     -0.80340200      0.50961800      0.30784600     -0.11854500     -0.64361200      0.75602500     -0.00233500      0.00844000      0.00359700     -0.13252700     -0.14824500      0.18508600      0.14284400      0.05211400      0.05826000      0.00417400     -0.48118500     -0.66619700      0.56977200      0.87496200     -0.40492200      0.26547600      0.05385400      0.62627300      0.77774100     -0.00115300      0.00415800      0.00177300     -0.49377900     -0.51124600      0.58035000      0.00428500      0.06360100      0.04323300     -0.04780800      0.78653400      0.44772200     -0.42533200     -0.48061300      0.87628600      0.03365300      0.38778000      0.17795100      0.90441000      0.00000100      0.00000300      0.00000200      0.00005700     -0.00001500     -0.00007000     -0.38538500
0.10783200      0.01440800      0.44549500      0.85517400      0.27771200     -0.43772000     -0.30983500      0.95077300     -0.00222600      0.41448900      0.13718700      0.89967000     -0.00000000     -0.00000000     -0.00000000      0.00000000      0.00000000      0.00000000     -0.23804400     -0.08574400      0.03271700      0.43200800      0.58549400      0.57376800      0.57269400     -0.80239100      0.51042400      0.30914400     -0.11566300     -0.64124100      0.75848200     -0.00277000      0.01001400      0.00425100      0.00338700     -0.01425700      0.02537300      0.14986700      0.05208300      0.05841400      0.00428200     -0.48308300     -0.66840400      0.56556600      0.87407100     -0.40597000      0.26680800      0.05126700      0.62323600      0.78035000     -0.00139800      0.00504200      0.00214200     -0.00925100      0.00488300      0.02804800      0.01293900      0.06360100      0.04324000     -0.04781600      0.78653900      0.44769500     -0.42535100     -0.48061300      0.87628800      0.03359300      0.38777100      0.17800700      0.90440400     -0.00000000      0.00000100      0.00000100      0.00006100     -0.00001900     -0.00006900     -0.38538500
0.10784200      0.01441300      0.44548600      0.85517600      0.27767600     -0.43773900     -0.30981600      0.95077900     -0.00226700      0.41449900      0.13721900      0.89966100     -0.00000000     -0.00000000     -0.00000000      0.00000000      0.00000000      0.00000000     -0.23707000     -0.08587100      0.03309000      0.43225100      0.59323800      0.57386400      0.56457100     -0.79798300      0.51123000      0.31906000     -0.10626200     -0.64051200      0.76047000     -0.00314800      0.01139000      0.00481100     -0.03927700     -0.05149300      0.07428700      0.15311400      0.05202100      0.05859600      0.00440100     -0.49091400     -0.66914200      0.55789800      0.87018400     -0.40763700      0.27678600      0.04221000      0.62135300      0.78239200     -0.00165900      0.00599200      0.00253200     -0.49153500     -0.51901600      0.60229500      0.02077700      0.06360600      0.04324300     -0.04782100      0.78654800      0.44766000     -0.42537200     -0.48059600      0.87629900      0.03355300      0.38777400      0.17804100      0.90439500     -0.00000200      0.00000100      0.00000200      0.00005300     -0.00003000     -0.00007000     -0.38538500
0.10783200      0.01440800      0.44549500      0.85517400      0.27771200     -0.43772000     -0.30983500      0.95077300     -0.00222600      0.41448900      0.13718700      0.89967000     -0.00000000     -0.00000000     -0.00000000      0.00000000      0.00000000      0.00000000     -0.23734400     -0.08595300      0.03328200      0.43235400      0.59551000      0.57376400      0.56227600     -0.79660800      0.51168300      0.32176000     -0.10383000     -0.64024000      0.76103500     -0.00336500      0.01217900      0.00513100      0.00168700     -0.01978600      0.05410700      0.15432300      0.05197900      0.05869500      0.00445400     -0.49337800     -0.66928800      0.55554500      0.86890800     -0.40839300      0.27966700      0.03970300      0.62069900      0.78304200     -0.00147200      0.00532100      0.00224500      0.00470100     -0.00600900      0.02315400      0.02387900      0.06360100      0.04324000     -0.04781600      0.78653900      0.44769500     -0.42535100     -0.48061300      0.87628800      0.03359300      0.38777100      0.17800700      0.90440300     -0.00000200      0.00000100      0.00000200      0.00006300     -0.00001500     -0.00006900     -0.38522200
0.10779900      0.01440100      0.44546100      0.85515300      0.27781900     -0.43769400     -0.30995800      0.95073300     -0.00224400      0.41444200      0.13724800      0.89968200     -0.00007700     -0.00031600     -0.00013400      0.00000000      0.00000000      0.00000000     -0.23811900     -0.08603500      0.03362500      0.43259300      0.59802500      0.57547800      0.55783700     -0.79511800      0.51293100      0.32345500     -0.10073000     -0.63769800      0.76358200     -0.00289300      0.01047300      0.00439200      0.03532100     -0.06845800      0.00453800      0.15490600      0.05193700      0.05887100      0.00457500     -0.49577800     -0.67128000      0.55098600      0.86765200     -0.41002800      0.28116800      0.03717700      0.61746200      0.78572100     -0.00144800      0.00523500      0.00219600      0.03370200     -0.12982100      0.18987700      0.02681800      0.06358400      0.04323600     -0.04783300      0.78649700      0.44779700     -0.42532100     -0.48072800      0.87622600      0.03357400      0.38771200      0.17805900      0.90441800     -0.00004300     -0.00017700     -0.00007500      0.00003400     -0.00001200     -0.00006000     -0.38538500
0.10780400      0.01439100      0.44544600      0.85514800      0.27782400     -0.43770100     -0.30997300      0.95072800     -0.00226400      0.41444000      0.13727300      0.89967900     -0.00000100     -0.00000300     -0.00000100      0.00000000      0.00000000      0.00000000     -0.23844300     -0.08608100      0.03384100      0.43290300      0.59757800      0.57758300      0.55613800     -0.79555900      0.51298900      0.32227500     -0.09989200     -0.63574500      0.76531900     -0.00073400     -0.00036600      0.01389000     -0.03277300      0.04616500     -0.18803100      0.16050400      0.05191200      0.05898400      0.00473300     -0.49506300     -0.67330000      0.54916200      0.86808400     -0.40994100      0.27995900      0.03662800      0.61531600      0.78742800     -0.00035200     -0.00025000      0.00691800     -0.05225600      0.07120700     -0.18293600      0.02959400      0.06358700      0.04323100     -0.04784100      0.78649100      0.44780100     -0.42532800     -0.48074200      0.87621900      0.03355400      0.38770600      0.17808400      0.90441600      0.00000600      0.00002400      0.00001200      0.00004700      0.00000100     -0.00004800     -0.38554800
0.10780400      0.01439700      0.44543800      0.85514700      0.27780900     -0.43771000     -0.30997300      0.95072800     -0.00229400      0.41444100      0.13730200      0.89967400      0.00032500      0.00892400     -0.01056000      0.03563000     -0.01373500      0.01770400     -0.23852300     -0.08607500      0.03387400      0.43311600      0.59670200      0.58165600      0.55282400     -0.79635500      0.51349500      0.31949400     -0.09877500     -0.63161200      0.76887800     -0.00036200     -0.00171100      0.01332600      0.03815300     -0.13260500     -0.04365600      0.16420700      0.05191500      0.05900400      0.00483000     -0.49386600     -0.67696300      0.54572600      0.86877900     -0.41037100      0.27716100      0.03632200      0.61099600      0.79079900     -0.00026000     -0.00059200      0.00677200      0.06102600     -0.17490500     -0.06173000      0.03367700      0.06358700      0.04323100     -0.04784100      0.78649100      0.44780100     -0.42532800     -0.48074200      0.87621900      0.03355400      0.38770600      0.17808400      0.90441600     -0.00000000      0.00001600      0.00000900      0.00003500     -0.00002400     -0.00005300     -0.38554800
0.10779300      0.01438400      0.44544300      0.85514200      0.27786700     -0.43768500     -0.31000900      0.95071600     -0.00224400      0.41442600      0.13726600      0.89968700     -0.00000000     -0.00000200     -0.00000100      0.00000000      0.00000000      0.00000000     -0.23884800     -0.08604200      0.03383000      0.43365300      0.59466600      0.59170500      0.54428700     -0.79823000      0.51473300      0.31275000     -0.09584200     -0.62118700      0.77769200     -0.00084300      0.00002600      0.01404400      0.22480600     -0.44912300     -0.16415700      0.16518100      0.05193300      0.05897500      0.00510700     -0.49097400     -0.68582600      0.53720200      0.87046700     -0.41104100      0.27079800      0.03509200      0.60057200      0.79879900     -0.00044400      0.00005900      0.00703700      0.28585800     -0.53119400     -0.18251700      0.03906500      0.06358200      0.04322800     -0.04784200      0.78647700      0.44784200     -0.42531100     -0.48077600      0.87620000      0.03357400      0.38769300      0.17807400      0.90442400     -0.00000100      0.00001200      0.00000600      0.00003000     -0.00001900     -0.00004900     -0.38554800
0.10778000      0.01440300      0.44545200      0.85514400      0.27787100     -0.43767700     -0.31001200      0.95071500     -0.00224300      0.41441800      0.13726500      0.89969000      0.00001300      0.00005300      0.00002300      0.00000000      0.00000000      0.00000000     -0.23879100     -0.08596800      0.03384300      0.43431600      0.59324900      0.60321300      0.53308600     -0.79971500      0.51691100      0.30527500     -0.09214600     -0.60817500      0.78835000     -0.00179100      0.00344800      0.01544800      0.09612800     -0.23823900     -0.05246800      0.17000200      0.05197100      0.05897800      0.00543700     -0.48798600     -0.69757900      0.52464400      0.87220500     -0.41282600      0.26235700      0.03357200      0.58562500      0.80988600     -0.00092900      0.00180900      0.00776000      0.04753200     -0.17638500     -0.04142100      0.04282100      0.06357500      0.04323800     -0.04783700      0.78647900      0.44784600     -0.42530300     -0.48077900      0.87619800      0.03357400      0.38768600      0.17807100      0.90442700      0.00000400      0.00002400      0.00000900      0.00004400     -0.00001200     -0.00004400     -0.38571100
