0.12280900     -0.03351400      0.42437800     -0.32337200      0.86073000     -0.39321700     -0.85331800     -0.44478700     -0.27200100     -0.40862300      0.24650900      0.87879900      0.00045900      0.00236300      0.00153200      0.06023800      0.03191800     -0.10369200     -0.87884200     -0.07656600     -0.01123300      0.41186500      0.38822900      0.80208600      0.45379400     -0.84649800      0.50504800     -0.16823100     -0.36458800     -0.31983800      0.87443900     -0.01124500     -0.00608800     -0.01887500     -0.03802000      0.22440700      0.04086500     -0.64597900      0.05667300      0.03645100     -0.00577800     -0.26035000     -0.86336600      0.43222100      0.90159800     -0.37756300     -0.21110700      0.34545400      0.33472900      0.87670800      0.00095200     -0.00173300     -0.00924400     -0.07612900      0.32172700      0.08534800     -0.78359300      0.07108900      0.01927600     -0.05837600     -0.47977600      0.80013700     -0.35999200     -0.75778700     -0.58469400     -0.28963800     -0.44223600      0.13383600      0.88685600      0.00023100      0.00118600      0.00077200      0.06035900      0.03211700     -0.10515400     -0.86350000
0.12284200     -0.03343800      0.42450100     -0.32311800      0.86083300     -0.39320000     -0.85346200     -0.44452200     -0.27198100     -0.40852200      0.24662600      0.87881300      0.00072400      0.00372600      0.00241300      0.00000000      0.00000000     -0.00000000     -0.88894900     -0.07678700     -0.01156200      0.41115900      0.38418900      0.80129600      0.45860100     -0.84549100      0.50490300     -0.17364400     -0.37114800     -0.32204400      0.87086200     -0.01053600     -0.00871400     -0.02063800     -0.06279500      0.35894800      0.07945000     -0.65365200      0.05656200      0.03628900     -0.00612900     -0.25629500     -0.86259300      0.43616900      0.90037400     -0.37719800     -0.21690400      0.35162200      0.33712400      0.87333100     -0.00426300     -0.00951300     -0.00557900     -0.13371300      0.61590300      0.10164000     -0.80367700      0.07110500      0.01931100     -0.05831700     -0.47960000      0.80025100     -0.35997200     -0.75794500     -0.58451100     -0.28959300     -0.44215500      0.13395000      0.88687900      0.00035500      0.00183600      0.00118700     -0.00007200     -0.00004500      0.00012400     -0.86986800
0.12293600     -0.03331700      0.42466400     -0.32274100      0.86097600     -0.39319800     -0.85365400     -0.44414900     -0.27198900     -0.40842100      0.24679900      0.87881100      0.00086500      0.00445700      0.00288200      0.00000000      0.00000000      0.00000000     -0.89050000     -0.07714500     -0.01211300      0.41051900      0.37445300      0.80152000      0.46619900     -0.84360700      0.50318200     -0.18726800     -0.38512900     -0.32418000      0.86397200     -0.00858300     -0.01906600     -0.01124400      2.16696200      1.57999300     -0.93439200     -0.68533200      0.05638300      0.03601500     -0.00645400     -0.24784000     -0.86196300      0.44225900      0.89843200     -0.37529500     -0.22797300      0.36248200      0.34083900      0.86742900     -0.00515600     -0.00479200     -0.01063300     -0.20739000      0.75636000      0.04176800     -0.81935300      0.07115300      0.01937600     -0.05823200     -0.47923300      0.80047500     -0.35996400     -0.75821600     -0.58416000     -0.28959500     -0.44209100      0.13414600      0.88688200      0.00044800      0.00231700      0.00149700     -0.00002700     -0.00002800      0.00009300     -0.87460300
0.12300600     -0.03324200      0.42474900     -0.32790300      0.86023100     -0.39054900     -0.85115800     -0.44831500     -0.27297500     -0.40951000      0.24183700      0.87968400      0.00101900      0.00525800      0.00339700      0.01136100      0.03250300      0.03951500     -0.89151100     -0.07732600     -0.01245100      0.41020000      0.37233700      0.80227400      0.46659600     -0.84432400      0.50155900     -0.18838700     -0.38560800     -0.32483000      0.86351400     -0.00813400     -0.02077400     -0.01241000     -0.00536800      0.03946100     -0.08169000     -0.68703400      0.05629500      0.03585600     -0.00660700     -0.24425000     -0.86146400      0.44521900      0.89831100     -0.37392200     -0.23069100      0.36520900      0.34359900      0.86519300     -0.00493600     -0.00562300     -0.01119200      0.03391300      0.01728600     -0.06602900     -0.82686500      0.07118700      0.01941000     -0.05819300     -0.48421000      0.79878200     -0.35705200     -0.75501600     -0.58767900     -0.29083100     -0.44214300      0.12875700      0.88765400      0.00051000      0.00263700      0.00170600      0.01014300      0.02178300      0.02953500     -0.87525600
0.12322200     -0.03311000      0.42496500     -0.33256900      0.85963200     -0.38791200     -0.84888700     -0.45198800     -0.27398800     -0.41045400      0.23710100      0.88053200      0.00127400      0.00659900      0.00425400      0.06917200      0.28011000      0.11450600     -0.89343500     -0.07770400     -0.01316500      0.40944200      0.36832300      0.80365400      0.46740700     -0.84556900      0.49858200     -0.19068900     -0.38672800     -0.32600700      0.86256800     -0.00880900     -0.01535200     -0.02522400      0.03098100      0.03503600     -0.05968900     -0.68463900      0.05610200      0.03549200     -0.00698500     -0.23999400     -0.86243400      0.44565600      0.89909400     -0.37059500     -0.23299600      0.36610200      0.34476900      0.86435000     -0.00427000     -0.00812200     -0.01290000      0.03115300      0.03444900     -0.05968200     -0.83029400      0.07129500      0.01947600     -0.05808400     -0.48840600      0.79681500     -0.35573100     -0.75203800     -0.59112500     -0.29156100     -0.44260200      0.12512400      0.88794500      0.00733400     -0.00215500      0.00667900      0.07164000      0.46971300      0.16634500     -0.87639900
0.12352600     -0.03297900      0.42524200     -0.33191600      0.86106700     -0.38528100     -0.84941300     -0.45039800     -0.27497500     -0.40989700      0.23492000      0.88137600      0.01489400     -0.00305700      0.01415800     -0.02375500      0.02924100      0.05060700     -0.89474900     -0.07815300     -0.01389800      0.40850200      0.36593200      0.80290800      0.47055700     -0.84593100      0.49775800     -0.19123200     -0.38820100     -0.32909600      0.86073100     -0.02165600     -0.01963600     -0.02682700      0.00278200      0.13530500     -0.08795300     -0.68517700      0.05588300      0.03512400     -0.00745600     -0.23769800     -0.86136300      0.44894600      0.89930600     -0.36982100     -0.23340800      0.36707900      0.34826000      0.86253500     -0.00439200     -0.00779200     -0.01273600      0.00568400      0.10922500     -0.03295800     -0.83535600      0.07144800      0.01954400     -0.05794400     -0.48828100      0.79867400     -0.35171000     -0.75293200     -0.58931000     -0.29292400     -0.44121700      0.12178400      0.88909700      0.00745300     -0.00148400      0.00710300     -0.03069800     -0.00488200      0.03694800     -0.87786900
0.12386200     -0.03285000      0.42552800     -0.33628700      0.86054200     -0.38265300     -0.84730000     -0.45376100     -0.27596200     -0.41069900      0.23034600      0.88220900      0.00132900      0.00695100      0.00445700      0.05841600      0.23700400      0.10131300     -0.89672100     -0.07869300     -0.01445300      0.40743800      0.36157100      0.80097700      0.47717200     -0.84562500      0.49730100     -0.19376200     -0.39292700     -0.33446200      0.85650800     -0.01085200     -0.00518800     -0.03499100     -0.08586700      0.49071000      0.13474500     -0.68713600      0.05561000      0.03483600     -0.00798800     -0.23342400     -0.86019200      0.45341100      0.89881100     -0.36878800     -0.23692500      0.37101400      0.35222700      0.85923400     -0.01111800     -0.00887000     -0.01281900     -0.14210700      0.56160100      0.10153400     -0.83453900      0.07161000      0.01960700     -0.05780200     -0.49222200      0.79680900     -0.35044500     -0.75014700     -0.59252200     -0.29359200     -0.44158300      0.11837300      0.88937700      0.00072900      0.00382200      0.00244500      0.10731300      0.46463700      0.18295800     -0.87868500
0.12403800     -0.03280500      0.42566500     -0.33573500      0.86074800     -0.38267400     -0.84757300     -0.45323400     -0.27598800     -0.41058800      0.23061200      0.88219200      0.00125500      0.00658200      0.00421500      0.00253600     -0.00439300      0.02872500     -0.89801800     -0.07900000     -0.01466800      0.40691300      0.35986600      0.79999900      0.48009300     -0.84580000      0.49695900     -0.19387500     -0.39411400     -0.33730500      0.85484600     -0.00981500     -0.01223600     -0.02337100     -0.14653100      0.57112700      0.14180500     -0.68838100      0.05545700      0.03472900     -0.00825700     -0.23180300     -0.85927100      0.45598200      0.89890700     -0.36837200     -0.23720600      0.37179500      0.35490100      0.85779500     -0.01151600     -0.00748500     -0.01189500      0.03490100      0.03008300     -0.09805100     -0.83307000      0.07170400      0.01963200     -0.05773200     -0.49197400      0.79747800     -0.34926900     -0.75056900     -0.59179100     -0.29398600     -0.44114200      0.11751700      0.88970900      0.00733600      0.00216500      0.00127900     -0.00223100     -0.03094400      0.02290200     -0.87982900
0.12437900     -0.03274500      0.42599100     -0.33995800      0.85908100     -0.38269300     -0.84541900     -0.45735200     -0.27580400     -0.41154800      0.22870200      0.88224100      0.00105500      0.00556000      0.00355300      0.00000000      0.00000100      0.00000000     -0.89856600     -0.07966700     -0.01498500      0.40591300      0.35725700      0.80063600      0.48097800     -0.84599300      0.49563300     -0.19641200     -0.39606800     -0.33774700      0.85376800     -0.01079500     -0.00879800     -0.02108600      0.03092200      0.03512900     -0.05968400     -0.69212500      0.05512500      0.03456800     -0.00875900     -0.22900900     -0.85837700      0.45906600      0.89892800     -0.36742700     -0.23858800      0.37347200      0.35802900      0.85576400     -0.01292400     -0.00084200     -0.01562600      0.06617600      0.03538700     -0.04025400     -0.83911200      0.07187500      0.01966400     -0.05756800     -0.49577200      0.79499900     -0.34955100     -0.74767400     -0.59548600     -0.29390200     -0.44180500      0.11564200      0.88962500      0.00732800     -0.00204300      0.00673100     -0.03369200     -0.01255600      0.03845700     -0.88080800
0.12467700     -0.03274000      0.42627100     -0.33932500      0.85932600     -0.38270400     -0.84587500     -0.45666600     -0.27554100     -0.41113300      0.22915000      0.88231900      0.00070200      0.00372000      0.00237300      0.00000000      0.00000000      0.00000000     -0.89943100     -0.08041000     -0.01504900      0.40501200      0.35553000      0.79945100      0.48421900     -0.84569200      0.49577300     -0.19735400     -0.39826000     -0.34034500      0.85171400     -0.02570800     -0.00555000     -0.01745400      0.02978300      0.04044500     -0.06188600     -0.69314800      0.05475900      0.03453100     -0.00921300     -0.22735900     -0.85707700      0.46230400      0.89861700     -0.36757700     -0.23952400      0.37522300      0.36097700      0.85375700     -0.00716400      0.00373500     -0.01321100      0.06843600      0.01956800     -0.01134700     -0.84384700      0.07202400      0.01967000     -0.05742600     -0.49518100      0.79536400     -0.34955600     -0.74825900     -0.59489400     -0.29361200     -0.44147800      0.11616700      0.88971900      0.00033300      0.00179000      0.00113500     -0.00011700     -0.00012500      0.00030300     -0.88162500
0.12480000     -0.03275400      0.42638200     -0.33904300      0.85943500     -0.38270800     -0.84607600     -0.45636100     -0.27543000     -0.41095400      0.22934600      0.88235200      0.00063100      0.00334900      0.00213400      0.00155900     -0.00857600      0.02746900     -0.89984900     -0.08085000     -0.01499800      0.40458600      0.35442800      0.79818700      0.48710400     -0.84554800      0.49602700     -0.19733200     -0.39954500     -0.34293800      0.85007000     -0.02642800     -0.00288300     -0.01562700     -0.02444100      0.19993000      0.02979500     -0.69195700      0.05455100      0.03455300     -0.00941700     -0.22640700     -0.85603400      0.46469900      0.89849700     -0.36775800     -0.23969800      0.37608600      0.36326100      0.85240700     -0.00659100      0.00004100     -0.00749800     -0.06531000      0.32834700      0.08675300     -0.84515300      0.07208500      0.01966000     -0.05737200     -0.49493800      0.79551600     -0.34955600     -0.74850600     -0.59464800     -0.29348200     -0.44133300      0.11639000      0.88976200      0.00694200     -0.00404800      0.00544800     -0.03500100     -0.00349700      0.01097300     -0.88146200
0.12497300     -0.03280100      0.42652000     -0.34423400      0.85855400     -0.38004300     -0.84364700     -0.46042200     -0.27612200     -0.41162500      0.22450000      0.88328400      0.01369700     -0.00071300     -0.00066700      0.00776900      0.01501900      0.03843000     -0.90141500     -0.08180400     -0.01485200      0.40377100      0.35258500      0.79697900      0.49040700     -0.84520800      0.49616700     -0.19843200     -0.40188900     -0.34553900      0.84791000     -0.02832000      0.00729700     -0.02514300      0.04716200      0.09431800     -0.01761900     -0.69089700      0.05406200      0.03462900     -0.00982700     -0.22458300     -0.85431500      0.46872900      0.89816900     -0.36805100     -0.24047700      0.37796000      0.36699100      0.84997800     -0.01427700      0.00414300     -0.01221300      0.05295600      0.06724200      0.00116200     -0.84597000      0.07216700      0.01964000     -0.05730100     -0.49990900      0.79369600     -0.34660600     -0.74540300     -0.59806800     -0.29442800     -0.44098100      0.11117400      0.89060300      0.00009000      0.00049300      0.00031300      0.00141600      0.00326100     -0.00225900     -0.88178800
0.12505800     -0.03285500      0.42660700     -0.34414200      0.85859400     -0.38003600     -0.84378700     -0.46027900     -0.27593000     -0.41141400      0.22464000      0.88334700      0.00001500      0.00008200      0.00005200      0.00000100      0.00000600      0.00000200     -0.90204900     -0.08289900     -0.01463800      0.40296700      0.35201800      0.79565700      0.49295600     -0.84546200      0.49628300     -0.19705300     -0.40185000     -0.34841400      0.84675100     -0.02724700      0.00020300     -0.01351700      0.02972000      0.03342600     -0.03371900     -0.69145700      0.05351400      0.03473900     -0.01023400     -0.22412600     -0.85307200      0.47120500      0.89849000     -0.36814500     -0.23913000      0.37746800      0.36977800      0.84898800     -0.01439700      0.00461200     -0.01189000      0.06796800      0.09526600     -0.23433500     -0.85135800      0.07221500      0.01961100     -0.05725900     -0.49976300      0.79365500     -0.34691200     -0.74554200     -0.59803700     -0.29413900     -0.44091200      0.11163800      0.89058000     -0.00000700     -0.00002600     -0.00002000     -0.00034900     -0.00121800     -0.00015900     -0.88293100
0.12509500     -0.03290800      0.42663300     -0.34416700      0.85858600     -0.38003300     -0.84383400     -0.46026900     -0.27580300     -0.41129700      0.22469200      0.88338800     -0.00000400     -0.00002200     -0.00001400      0.00000000      0.00000000      0.00000000     -0.90243700     -0.08403300     -0.01442600      0.40231300      0.35076000      0.79461200      0.49553000     -0.84610000      0.49570900     -0.19575500     -0.40160500     -0.35160900      0.84554600     -0.04094000     -0.00084900     -0.01282100      0.02793500      0.04801000     -0.06324000     -0.69152100      0.05295300      0.03484600     -0.01056100     -0.22294900     -0.85195900      0.47377100      0.89906700     -0.36755400     -0.23786800      0.37679100      0.37292000      0.84791400     -0.01466000      0.00566500     -0.01116600      0.07150300      0.01490300     -0.01902400     -0.85364400      0.07223300      0.01958300     -0.05724700     -0.49977500      0.79364300     -0.34692000     -0.74559400     -0.59803500     -0.29400800     -0.44080900      0.11172300      0.89062000     -0.00000600     -0.00002600     -0.00001700     -0.00009500     -0.00008800      0.00019200     -0.88358400
0.12509500     -0.03291400      0.42664100     -0.34418200      0.85858100     -0.38002900     -0.84384100     -0.46027500     -0.27577300     -0.41127100      0.22469700      0.88339900     -0.00000000     -0.00000000     -0.00000000      0.00000000      0.00000000      0.00000000     -0.90273600     -0.08462600     -0.01437800      0.40204800      0.34923900      0.79498700      0.49600300     -0.84632300      0.49484000     -0.19698900     -0.40246000     -0.35198700      0.84498200     -0.02759500      0.00161300     -0.01255400      0.02383700      0.10005600     -0.22108900     -0.69141200      0.05265100      0.03487200     -0.01069200     -0.22149000     -0.85218800      0.47404300      0.89909600     -0.36668300     -0.23909800      0.37758000      0.37325300      0.84741600     -0.01377000      0.00072700     -0.00631300      0.03089300      0.03726900     -0.06328600     -0.85723700      0.07223300      0.01957900     -0.05724300     -0.49978700      0.79363800     -0.34691600     -0.74560100     -0.59804100     -0.29398000     -0.44078400      0.11173400      0.89063100     -0.00000000     -0.00000600     -0.00000500     -0.00007100     -0.00006300      0.00016500     -0.88391100
0.12509000     -0.03291700      0.42670100     -0.34420200      0.85858200     -0.38000800     -0.84389100     -0.46025500     -0.27565400     -0.41115200      0.22473300      0.88344500      0.00017700      0.00094600      0.00060200      0.00000000      0.00000000      0.00000000     -0.90370200     -0.08573200     -0.01441800      0.40158100      0.34762500      0.79526600      0.49669000     -0.84638700      0.49411100     -0.19853400     -0.40372000     -0.35238100      0.84421600     -0.02706300     -0.00049400     -0.01401700      0.02992000      0.03992400     -0.06214400     -0.69078600      0.05210600      0.03486000     -0.01092100     -0.21975600     -0.85229800      0.47465100      0.89902600     -0.36583100     -0.24066200      0.37875800      0.37383700      0.84663300     -0.00694200      0.00132300     -0.00661700      0.04021900     -0.05593000      0.17996200     -0.85772700      0.07223000      0.01957600     -0.05721400     -0.49980200      0.79363700     -0.34689500     -0.74565700     -0.59803000     -0.29385900     -0.44067200      0.11179300      0.89067800      0.00013700      0.00072800      0.00046400     -0.00005900     -0.00004100      0.00010900     -0.88423700
0.12505600     -0.03291400      0.42677600     -0.34428800      0.85856400     -0.37997200     -0.84393100     -0.46028000     -0.27548700     -0.41099600      0.22475200      0.88351300      0.00026800      0.00143100      0.00091100      0.00000000      0.00000000      0.00000000     -0.90475000     -0.08662200     -0.01443700      0.40108100      0.34740500      0.79394300      0.49895400     -0.84694600      0.49407000     -0.19624100     -0.40273400     -0.35541500      0.84341500     -0.02689300     -0.00120100     -0.01451300      0.02446300      0.05729500     -0.05533200     -0.69108400      0.05165100      0.03484700     -0.01117200     -0.21962600     -0.85088500      0.47723900      0.89966700     -0.36584000     -0.23824000      0.37730800      0.37703300      0.84586200     -0.00691200      0.00119300     -0.00671100      0.03818000      0.00605500     -0.01261700     -0.85544000      0.07221300      0.01957700     -0.05717700     -0.49987900      0.79360400     -0.34685900     -0.74569400     -0.59806500     -0.29369400     -0.44052200      0.11184000      0.89074700      0.00017200      0.00092000      0.00058500     -0.00002200     -0.00003500      0.00007500     -0.88472700
0.12507000     -0.03289400      0.42688700     -0.34479200      0.85955400     -0.37726600     -0.84402600     -0.45970700     -0.27615300     -0.41037900      0.22213500      0.88446100      0.00054000      0.00288000      0.00183200      0.06761700      0.28085300      0.11358300     -0.90492900     -0.08742600     -0.01445800      0.40050800      0.34507500      0.79144800      0.50450500     -0.84700500      0.49418700     -0.19569200     -0.40460800     -0.36079000      0.84023000     -0.01492100      0.00956800     -0.02502100      0.05244600      0.07076000      0.00876600     -0.69238900      0.05125000      0.03483300     -0.01144900     -0.21745900     -0.84824400      0.48289900      0.89977500     -0.36596000     -0.23764800      0.37830600      0.38282200      0.84281100     -0.01339500     -0.00080000     -0.00738500      0.02118700      0.05854200     -0.02585500     -0.85527700      0.07221900      0.01958500     -0.05712300     -0.50030100      0.79409400     -0.34512700     -0.74586300     -0.59769700     -0.29401400     -0.43975600      0.11032200      0.89131400      0.00016100      0.00086300      0.00054900      0.10487600      0.47543400      0.15447400     -0.88489100
0.12507600     -0.03287700      0.42693400     -0.34968400      0.85758000     -0.37725500     -0.84138800     -0.46450800     -0.27617000     -0.41164900      0.21977600      0.88446000      0.00032000      0.00170900      0.00108600      0.00096600      0.00423100      0.00125600     -0.90535400     -0.08774100     -0.01443400      0.40021000      0.34395900      0.78863000      0.50965400     -0.84689900      0.49498100     -0.19413700     -0.40577800     -0.36584600      0.83747400     -0.01332300      0.00025400     -0.01493900     -0.14487100      0.59376200      0.19190300     -0.69288000      0.05108200      0.03484700     -0.01161300     -0.21657500     -0.84665700      0.48607200      0.89973800     -0.36633600     -0.23720700      0.37889900      0.38596500      0.84111000     -0.00664700      0.00009400     -0.00748300     -0.13291600      0.55217100      0.17336800     -0.85658300      0.07222300      0.01959800     -0.05709600     -0.50502700      0.79158700     -0.34400100     -0.74242100     -0.60168300     -0.29459800     -0.44018000      0.10661400      0.89155700      0.00016100      0.00086700      0.00055200     -0.00357500     -0.01547500     -0.00663600     -0.88521700
0.12514900     -0.03277300      0.42701200     -0.34940200      0.85768900     -0.37727000     -0.84149200     -0.46426200     -0.27626600     -0.41167600      0.21987200      0.88442400      0.00070800      0.00377800      0.00239900      0.00156200     -0.00853700      0.02748100     -0.90584600     -0.08822200     -0.01423100      0.39947000      0.34273700      0.78565100      0.51504900     -0.84629600      0.49623500     -0.19356500     -0.40806600     -0.37053400      0.83429600     -0.01493700      0.00961700     -0.02498900      0.03876500      0.11511100      0.02652600     -0.69240100      0.05084100      0.03494800     -0.01198400     -0.21554700     -0.84253300      0.49363700      0.89940100     -0.36816300     -0.23565100      0.38028300      0.39318400      0.83713200     -0.00745500      0.00480000     -0.01248700      0.04929200      0.07838900      0.01000100     -0.85495100      0.07225900      0.01964600     -0.05706000     -0.50475700      0.79167500     -0.34419400     -0.74254500     -0.60152100     -0.29461400     -0.44027900      0.10687100      0.89147700      0.00026200      0.00140400      0.00088900     -0.00019600     -0.00053000      0.00002300     -0.88570700
0.12526500     -0.03264500      0.42707900     -0.34940300      0.85884700     -0.37462500     -0.84165600     -0.46332200     -0.27734100     -0.41133900      0.21733000      0.88520800      0.00067100      0.00358800      0.00227600      0.00133000      0.00585700      0.00174200     -0.90650700     -0.08837600     -0.01397800      0.39861700      0.34172800      0.78258300      0.52036200     -0.84551400      0.49774900     -0.19309500     -0.41052700     -0.37497500      0.83109800     -0.00097900      0.00954700     -0.02646800      0.05182600      0.06443700      0.04182100     -0.69186800      0.05076400      0.03507400     -0.01239800     -0.21477600     -0.83953700      0.49904700      0.89887500     -0.36975100     -0.23517400      0.38196100      0.39807100      0.83405300      0.00036200     -0.00004900     -0.00830600      0.02539500      0.03425300      0.00416000     -0.85364400      0.07231700      0.01971100     -0.05702600     -0.50496800      0.79279800     -0.34128700     -0.74292300     -0.60050600     -0.29572900     -0.43939900      0.10421600      0.89222500      0.00714400      0.00127300      0.00069500     -0.00055300     -0.03981700      0.04979500     -0.88619700
0.12532800     -0.03257900      0.42710800     -0.35417200      0.85688300     -0.37464600     -0.83899100     -0.46804100     -0.27749400     -0.41269700      0.21497500      0.88515200      0.00064500      0.00345500      0.00219000      0.00152900      0.00120400     -0.00354100     -0.90671600     -0.08839500     -0.01389800      0.39815300      0.34137500      0.78099000      0.52298100     -0.84506700      0.49862700     -0.19278600     -0.41174000     -0.37712800      0.82952200     -0.00043900      0.00733100     -0.02802100      0.00729500      0.20833000      0.09965100     -0.69167400      0.05075400      0.03511900     -0.01263900     -0.21458100     -0.83832700      0.50116000      0.89852000     -0.37059500     -0.23520200      0.38290400      0.39983200      0.83277700     -0.00015400      0.00345500     -0.01415400     -0.00263300      0.24285200      0.11504300     -0.85446100      0.07234900      0.01974500     -0.05701100     -0.50927500      0.78991400     -0.34157600     -0.73939700     -0.60470600     -0.29600800     -0.44037400      0.10181100      0.89202200      0.00037700      0.00201900      0.00128000      0.00496700     -0.00857500      0.01403400     -0.88652300
0.12551000     -0.03249600      0.42717000     -0.35460400      0.85691100     -0.37417200     -0.84002200     -0.46764600     -0.27503000     -0.41022300      0.21571700      0.88612100      0.01389200      0.00045400      0.00006700      0.00098400     -0.01471400      0.02955300     -0.90754500     -0.08833400     -0.01379800      0.39717400      0.34123900      0.77919000      0.52574700     -0.84406000      0.50016400     -0.19321400     -0.41391400     -0.37881400      0.82767100      0.00005000      0.00533300     -0.02944700      0.05705100      0.04749700      0.03520100     -0.69308200      0.05078500      0.03516600     -0.01311800     -0.21457400     -0.83635400      0.50444800      0.89776100     -0.37230700     -0.23539500      0.38468400      0.40236500      0.83073400      0.00097400     -0.00254600     -0.01008100      0.02775000      0.03415300     -0.02630800     -0.85870600      0.07244000      0.01979000     -0.05697700     -0.50969200      0.78983500     -0.34113500     -0.74047400     -0.60460600     -0.29350900     -0.43807700      0.10300300      0.89301600      0.00693700      0.00019300      0.00000900      0.00129700     -0.01500800      0.02990500     -0.88685000
0.12573600     -0.03239600      0.42723000     -0.35945900      0.85602400     -0.37156000     -0.83750100     -0.47148700     -0.27615900     -0.41114500      0.21084600      0.88686500      0.01408900      0.00155500      0.00076000      0.04104500      0.16311000      0.08247900     -0.90707700     -0.08813900     -0.01383600      0.39621000      0.34072800      0.77595000      0.53084700     -0.84320600      0.50195900     -0.19229000     -0.41607400     -0.38307400      0.82462100      0.00245600     -0.00727500     -0.02175400     -0.13295400      0.55491700      0.18689500     -0.69274400      0.05088100      0.03515300     -0.01360200     -0.21443200     -0.83475700      0.50714700      0.89708600     -0.37368800     -0.23578000      0.38633500      0.40439600      0.82898000      0.00787300     -0.00215900     -0.01056500      0.03977200     -0.01269000     -0.00953600     -0.85870600      0.07254800      0.01983700     -0.05694900     -0.51419800      0.78789200     -0.33885800     -0.73729200     -0.60791400     -0.29468500     -0.43817700      0.09831100      0.89349500      0.00034900      0.00188300      0.00118800      0.05833900      0.24889300      0.10856100     -0.88570700
0.12585900     -0.03234400      0.42726100     -0.35902600      0.85618800     -0.37160000     -0.83764700     -0.47112300     -0.27633500     -0.41122500      0.21099000      0.88679400      0.00070600      0.00380900      0.00240800      0.00213900     -0.00593800      0.02825500     -0.90659400     -0.08802800     -0.01391800      0.39573300      0.34043300      0.77595900      0.53102200     -0.84293000      0.50211000     -0.19310000     -0.41687200     -0.38285600      0.82431900      0.00263100     -0.00796900     -0.02228100      0.03046500      0.02777600     -0.02732600     -0.69210100      0.05093700      0.03511100     -0.01384100     -0.21407500     -0.83324500      0.50977700      0.89689500     -0.37441700     -0.23535300      0.38697600      0.40683400      0.82748700      0.00132700     -0.00397900     -0.01113900      0.03858900     -0.00051600     -0.04018500     -0.85870600      0.07261400      0.01986200     -0.05693500     -0.51393400      0.78824700     -0.33843400     -0.73750800     -0.60750500     -0.29498900     -0.43812500      0.09799300      0.89355600      0.00699800      0.00054200      0.00022700     -0.00184100     -0.02918500      0.02376700     -0.88489100
0.12614500     -0.03225100      0.42731400     -0.35916300      0.85631800     -0.37116900     -0.83876200     -0.47050300     -0.27400100     -0.40882900      0.21184300      0.88769800      0.00052000      0.00282200      0.00178200      0.00000000      0.00000100      0.00000000     -0.90714700     -0.08789500     -0.01414400      0.39474300      0.34395300      0.77085800      0.53615800     -0.83935600      0.50838400     -0.19225300     -0.42118100     -0.38487400      0.82118300      0.00274400     -0.00841300     -0.02267600      0.03620400     -0.03811200      0.16042700     -0.69380600      0.05100400      0.03499200     -0.01434700     -0.21806900     -0.82882700      0.51525800      0.89423000     -0.38116200     -0.23466600      0.39089400      0.40958600      0.82428100      0.00139900     -0.00424900     -0.01136900      0.04617400     -0.07308000      0.14439000     -0.85935900      0.07275800      0.01991000     -0.05690600     -0.51404000      0.78829600     -0.33815900     -0.73870200     -0.60721400     -0.29259000     -0.43598300      0.09939600      0.89444800      0.00705500      0.00086400      0.00042900      0.00112400     -0.01522600      0.02973000     -0.88570700
0.12640900     -0.03217000      0.42737300     -0.36350900      0.85444500     -0.37125500     -0.83621800     -0.47485900     -0.27426400     -0.41019300      0.20968700      0.88758100      0.00045200      0.00246000      0.00155100      0.00000000      0.00000000      0.00000000     -0.90692300     -0.08784300     -0.01415600      0.39380600      0.34291000      0.76606300      0.54364700     -0.83856000      0.51047400     -0.19017900     -0.42361200     -0.39163300      0.81672500      0.00131600     -0.00257300     -0.01855700      0.01355700      0.07568500      0.02357700     -0.69580100      0.05103200      0.03497900     -0.01481400     -0.21746100     -0.82412700      0.52299600      0.89380100     -0.38344000     -0.23257700      0.39221000      0.41687800      0.81999000     -0.00014800      0.00345500     -0.01424200      0.05596600      0.05459000      0.00512300     -0.86017600      0.07289000      0.01995100     -0.05687700     -0.51797000      0.78564800     -0.33832400     -0.73538800     -0.61101700     -0.29301900     -0.43693200      0.09702500      0.89424500      0.00700800      0.00063800      0.00028600      0.00069400     -0.01479300      0.02981900     -0.88636000
0.12668900     -0.03212700      0.42743200     -0.36834100      0.85350300     -0.36865100     -0.83370700     -0.47865100     -0.27531300     -0.41098500      0.20487300      0.88833800      0.00053400      0.00292400      0.00184200      0.00166100     -0.00802100      0.02763500     -0.90653100     -0.08783600     -0.01407900      0.39300900      0.34217500      0.76277700      0.54870700     -0.83781900      0.51206400     -0.18916300     -0.42566700     -0.39595300      0.81356800     -0.00093300      0.00939400     -0.02672400      0.00773800      0.20729300      0.10175200     -0.69343800      0.05103600      0.03501400     -0.01520800     -0.21701400     -0.82142600      0.52741100      0.89330900     -0.38494800     -0.23197400      0.39357600      0.42079900      0.81732700      0.00034300      0.00005600     -0.00832800     -0.05458800      0.30080900      0.11951100     -0.85805300      0.07303000      0.01997200     -0.05684800     -0.52255100      0.78374300     -0.33568600     -0.73222400     -0.61422600     -0.29423500     -0.43679200      0.09204500      0.89484000      0.00025700      0.00140500      0.00088100     -0.00051200     -0.01628300      0.02468900     -0.88668700
0.12682700     -0.03211900      0.42745900     -0.36797300      0.85364400     -0.36869200     -0.83385700     -0.47833300     -0.27541300     -0.41101200      0.20502600      0.88829100      0.01373500     -0.00872100      0.01048900     -0.03492200     -0.00357000      0.01063400     -0.90733400     -0.08785100     -0.01408900      0.39267900      0.34208700      0.76271900      0.54884200     -0.83754300      0.51231200     -0.18971400     -0.42628100     -0.39574300      0.81334800      0.00064600      0.00015900     -0.01663300      0.03312600      0.01234700     -0.00250000     -0.69352400      0.05102700      0.03501400     -0.01537600     -0.21691400     -0.82104400      0.52804600      0.89306300     -0.38533200     -0.23228300      0.39418800      0.42119400      0.81682900     -0.00636100     -0.00125800     -0.00852500      0.04472700     -0.06548900      0.14397800     -0.85625700      0.07309400      0.01998100     -0.05683700     -0.52220800      0.78392900     -0.33578600     -0.73241300     -0.61395900     -0.29432000     -0.43688500      0.09223800      0.89477400      0.00018400      0.00100600      0.00063000     -0.00042000     -0.00132800     -0.00011000     -0.88652300
0.12706600     -0.03208400      0.42752500     -0.36893600      0.85458200     -0.36554200     -0.83493600     -0.47745200     -0.27366600     -0.40794800      0.20317300      0.89012700      0.00026100      0.00143900      0.00090600     -0.02003800      0.00831200     -0.00584000     -0.90701500     -0.08798100     -0.01410800      0.39210500      0.34179300      0.76265200      0.54911900     -0.83710100      0.51265000     -0.19074800     -0.42738500     -0.39543400      0.81291900     -0.01326100     -0.00047000     -0.01558900      0.03198100      0.02463700     -0.03295600     -0.69364800      0.05096800      0.03500700     -0.01566200     -0.21664800     -0.82105000      0.52814700      0.89262900     -0.38566800     -0.23339400      0.39531700      0.42087500      0.81644700      0.00013600      0.00088200     -0.00774300      0.03422000      0.00900500     -0.00374200     -0.85887000      0.07321300      0.01999500     -0.05680000     -0.52333500      0.78459700     -0.33245600     -0.73365400     -0.61332000     -0.29255600     -0.43344100      0.09080300      0.89659500      0.00017900      0.00099900      0.00062700     -0.24852700      0.06311000     -0.08172300     -0.88701300
0.12727800     -0.03206300      0.42755900     -0.37357800      0.85368500     -0.36291400     -0.83248200     -0.48106500     -0.27481500     -0.40873300      0.19838900      0.89084600      0.00014400      0.00079700      0.00050100      2.00855900      1.53198800     -4.91934900     -0.90663900     -0.08822500     -0.01418800      0.39158700      0.34115600      0.76271100      0.54943300     -0.83686200      0.51264600     -0.19180800     -0.42836200     -0.39532500      0.81245800      0.00026600      0.00169100     -0.01555700      0.03402900      0.00941600     -0.00372000     -0.69333100      0.05084500      0.03496700     -0.01591400     -0.21598800     -0.82103900      0.52843400      0.89236900     -0.38563800     -0.23443500      0.39626500      0.42092400      0.81596300     -0.00557100     -0.00595700     -0.00354900     -0.00318000      0.02593900     -0.05584900     -0.85952300      0.07331900      0.02000700     -0.05678200     -0.52328600      0.78581800     -0.32963500     -0.73423000     -0.61211000     -0.29364200     -0.43252300      0.08836900      0.89728100      0.00009300      0.00051700      0.00032200     -0.00182700     -0.01258500     -0.00651000     -0.88701300
0.12738500     -0.03204600      0.42756800     -0.37340600      0.85374500     -0.36295100     -0.83254000     -0.48092800     -0.27487700     -0.40877100      0.19846500      0.89081200      0.00036700      0.00203200      0.00127800      0.00159000     -0.00829900      0.02755300     -0.90679200     -0.08840100     -0.01430500      0.39134900      0.34067300      0.76280700      0.54959900     -0.83686400      0.51245500     -0.19230700     -0.42874000     -0.39538900      0.81222700     -0.01276100     -0.00260500     -0.01715800      0.03198700      0.02460800     -0.03297200     -0.69376500      0.05075700      0.03491200     -0.01603700     -0.21550800     -0.82106700      0.52858700      0.89231400     -0.38545800     -0.23493800      0.39664800      0.42103500      0.81572000     -0.00553400     -0.00612900     -0.00367800     -0.00321100      0.02594800     -0.05585300     -0.85935900      0.07337700      0.02001100     -0.05678100     -0.52755000      0.78280700     -0.33000500     -0.73064300     -0.61628000     -0.29386800     -0.43341800      0.08608600      0.89707100      0.00678800     -0.00053800     -0.00046000     -0.00048900     -0.02070000      0.02756200     -0.88717700
0.12760600     -0.03202700      0.42758800     -0.37324700      0.85492600     -0.36032500     -0.83282300     -0.47983200     -0.27593100     -0.40833900      0.19603000      0.89154800      0.00041700      0.00231700      0.00145600      0.00806600      0.02126800      0.03635400     -0.90783500     -0.08883300     -0.01456500      0.39095100      0.33805700      0.76318400      0.55069000     -0.83638800      0.51191100     -0.19579200     -0.43172900     -0.39536500      0.81065400     -0.01181700     -0.00933700     -0.00526300     -0.00325300      0.02599800     -0.05593800     -0.69644500      0.05053700      0.03477600     -0.01624600     -0.21279000     -0.82112000      0.52960400      0.89164600     -0.38485400     -0.23843800      0.39960700      0.42148300      0.81404200     -0.00593500     -0.00453000     -0.00252300     -0.00523300      0.02497400     -0.05485300     -0.86001300      0.07348800      0.02002000     -0.05677100     -0.52761800      0.78399300     -0.32706700     -0.73117700     -0.61512400     -0.29495800     -0.43243300      0.08351900      0.89778900      0.00680000     -0.00472200      0.00501000     -0.03343800     -0.00057900      0.00855100     -0.88570700
