0.11957000     -0.04397500      0.40744000     -0.32790300      0.24448200     -0.91255300     -0.09576000     -0.96953500     -0.22539800     -0.93945500      0.01316600      0.34246100      0.00041100      0.00200200      0.00150700      0.00122300      0.01693200      0.03611600     -0.00559200     -0.10471600     -0.02651700      0.40094300      0.12249100      0.29458500      0.94773800     -0.02657800      0.95556700     -0.29346200     -0.99219900      0.01036700      0.12367900      0.00077600     -0.00412300     -0.00295400     -0.00000000      0.00000100      0.00000000     -1.03769800      0.04258900      0.02880900     -0.01124300     -0.04993800     -0.34198500      0.93837700      0.14713600     -0.93181700     -0.33176400      0.98785400      0.12150100      0.09685200     -0.00030100      0.00247800     -0.00663400      0.03560700     -0.00240900      0.02245100     -0.89822200      0.06947000      0.01404600     -0.06684500     -0.37398000      0.21354600     -0.90251600      0.08407200     -0.96131700     -0.26229700     -0.92361700     -0.17397100      0.34156000      0.00008400      0.00040500      0.00030500      0.00564300     -0.00940500     -0.00580900     -0.21817500
0.11954300     -0.04379200      0.40735800     -0.33148400      0.24286800     -0.91169000     -0.09591500     -0.96994200     -0.22357000     -0.93817700      0.01302500      0.34594900      0.00050500      0.00245700      0.00184900      0.00147400     -0.00908000      0.02731200      0.02319800     -0.10437700     -0.02654900      0.40060900      0.11738400      0.29181600      0.94924000     -0.02566000      0.95642600     -0.29073100     -0.99283500      0.00938300      0.11855600      0.01353700      0.00442000     -0.01507300      0.03111700      0.46630700      0.19764700     -1.04092000      0.04275800      0.02879300     -0.01140400     -0.04779000     -0.33970500      0.93931600      0.14644700     -0.93261200     -0.32982900      0.98806300      0.12179800      0.09431800      0.00672200      0.00247200     -0.00735500      0.03460600     -0.02697100      0.04752400     -0.89871300      0.06945600      0.01413700     -0.06688700     -0.37683200      0.21116100     -0.90189100      0.08412700     -0.96184200     -0.26034800     -0.92245200     -0.17398100      0.34468800      0.00022700      0.00528000     -0.00465900      0.03704700     -0.01918000      0.01800100     -0.18894600
0.11939700     -0.04357000      0.40735600     -0.33376400      0.23750100     -0.91227200     -0.09598500     -0.97124900     -0.21779600     -0.93735900      0.01456900      0.34810000      0.00084000      0.00408000      0.00306600     -0.00747800     -0.00271900      0.00781900      0.04286900     -0.10400800     -0.02669200      0.40024500      0.11201800      0.28971800      0.95053000     -0.02497400      0.95707500     -0.28864900     -0.99346500      0.00821100      0.11324300      0.00163500     -0.00858900     -0.00618800     -0.00325300      0.19515000      0.04069400     -1.03804900      0.04294200      0.02872500     -0.01159000     -0.04047400     -0.33576900      0.94107400      0.14571800     -0.93375900     -0.32689200      0.98849700      0.12390100      0.08672000      0.00009300      0.00043700     -0.00811400      0.04032900      0.30316200      0.10554500     -0.89577300      0.06938300      0.01424800     -0.06688800     -0.37802800      0.20545100     -0.90270800      0.08432800     -0.96336900     -0.25457200     -0.92194400     -0.17235900      0.34685600      0.00042900      0.00208700      0.00157300     -0.00502600     -0.00496700      0.01376300     -0.16282000
0.11916000     -0.04328600      0.40744100     -0.33378400      0.23626900     -0.91258500     -0.10151900     -0.97143400     -0.21443200     -0.93676900      0.02077000      0.34937000      0.00087900      0.00425400      0.00319200     -0.01019400      0.06379100     -0.18810400      0.07618000     -0.10360600     -0.02683500      0.39986300      0.10661600      0.28770200      0.95176200     -0.02428800      0.95769200     -0.28665300     -0.99406900      0.00706300      0.10789000      0.00170300     -0.00889000     -0.00642700     -0.00182200      0.06805600     -0.00574100     -1.03326000      0.04314900      0.02864900     -0.01178400     -0.03474600     -0.33278300      0.94236200      0.14526700     -0.93459900     -0.32468500      0.98878100      0.12561200      0.08081600      0.00765900     -0.00322600     -0.00305800     -0.01090500      0.02588500      0.01118900     -0.89071100      0.06926500      0.01439100     -0.06684500     -0.37777200      0.20445300     -0.90304300      0.07887200     -0.96466400     -0.25139900     -0.92253300     -0.16619700      0.34829700     -0.00653100      0.00345100      0.00259500      0.00170600      0.00443500      0.00047200     -0.12101700
0.11911700     -0.04311200      0.40742900     -0.33229200      0.23838000     -0.91258000     -0.10703900     -0.97078900     -0.21466800     -0.93668700      0.02604600      0.34923800      0.00099200      0.00479900      0.00359700     -0.00000000     -0.00000000      0.00000000      0.07774200     -0.10338700     -0.02692100      0.39969100      0.10666600      0.28765500      0.95177100     -0.02409000      0.95770500     -0.28662800     -0.99406900      0.00726400      0.10788000      0.00173100     -0.00900700     -0.00652300     -0.00116400      0.01074600     -0.02672800     -1.02357800      0.04325900      0.02860300     -0.01187300     -0.03503300     -0.33291500      0.94230500      0.14522600     -0.93457100     -0.32478400      0.98877700      0.12546900      0.08108800      0.00087700     -0.00453500     -0.00329100     -0.00347500     -0.00091800     -0.03151100     -0.88858900      0.06924300      0.01447900     -0.06685000     -0.37672200      0.20669300     -0.90297100      0.07335300     -0.96507000     -0.25151100     -0.92341600     -0.16098500      0.34840200      0.00051400      0.00249000      0.00187300      0.00026200     -0.00028000      0.00019900     -0.10762800
0.11923600     -0.04254500      0.40722000     -0.32863400      0.24125600     -0.91314900     -0.12933300     -0.96918700     -0.20957400     -0.93516900      0.04892000      0.35084600      0.01568400      0.02261000     -0.01754100      0.05874400      0.02440500     -0.11989500      0.04862400     -0.10297800     -0.02717000      0.39939700      0.10584200      0.28988600      0.95118600     -0.02353600      0.95702700     -0.28892600     -0.99416900      0.00780900      0.10691300      0.01543700     -0.00694700     -0.00650200      0.00884000     -0.07363400      0.18880700     -1.01025700      0.04346400      0.02847800     -0.01202000     -0.03402900     -0.33506300      0.94158000      0.14450100     -0.93387600     -0.32709900      0.98891800      0.12492900      0.08019600      0.00772900     -0.00350500     -0.00328200      0.00905700     -0.07501800      0.19119500     -0.88515900      0.06929700      0.01475400     -0.06694800     -0.37364800      0.21031800     -0.90341100      0.05103800     -0.96781700     -0.24642100     -0.92616500     -0.13818300      0.35088900      0.00086600      0.00834900     -0.00236100      0.02721300     -0.02564200      0.05338200     -0.11432200
0.11945200     -0.04168400      0.40683000     -0.32717500      0.24039600     -0.91389900     -0.14557900     -0.96835300     -0.20266100     -0.93329400      0.06643300      0.35295500      0.00191400      0.01766000     -0.00403300      0.03724200     -0.02144000      0.04578600      0.00582000     -0.10268500     -0.02748100      0.39915900      0.10169200      0.30027300      0.94841200     -0.02223000      0.95381000     -0.29947700     -0.99462700      0.00897300      0.10247100      0.01514000     -0.00530400     -0.00533000      0.01751700      0.01008500     -0.03923500     -0.98710800      0.04360500      0.02832100     -0.01213900     -0.02858700     -0.34470600      0.93827500      0.14239700     -0.93048900     -0.33750700      0.98939600      0.12396000      0.07568500      0.00089000     -0.00455800     -0.00332700      0.05410100      0.09960000     -0.27018600     -0.88401600      0.06941000      0.01518600     -0.06714800     -0.37208200      0.20966100     -0.90421000      0.03499500     -0.97029300     -0.23938400     -0.92754000     -0.12071300      0.35369100      0.00105900      0.01345900     -0.00715900      0.06440500      0.03878900     -0.14723000     -0.16820800
0.11952600     -0.04119300      0.40660300     -0.32798600      0.23832400     -0.91415100     -0.14483100     -0.96887600     -0.20068500     -0.93312400      0.06627200      0.35343200      0.01598600      0.02427300     -0.01631900      0.07254700     -0.03895600      0.06666200      0.01594300     -0.10259200     -0.02763200      0.39904200      0.10158300      0.30059300      0.94832300     -0.02227500      0.95371000     -0.29979300     -0.99463700      0.00893200      0.10237800      0.00158700     -0.00817400     -0.00596900     -0.00114900      0.00990100     -0.02703900     -0.98622800      0.04365600      0.02824900     -0.01219600     -0.02847500     -0.34495100      0.93818800      0.14240900     -0.93039500     -0.33776400      0.98939700      0.12398900      0.07561700      0.00076800     -0.00392600     -0.00287100     -0.00115600      0.00917300     -0.02536200     -0.88418000      0.06944200      0.01543200     -0.06725500     -0.37250500      0.20747600     -0.90454000      0.03584100     -0.97074500     -0.23742100     -0.92733700     -0.12086100      0.35417100      0.00113000      0.01381100     -0.00690700      0.07488200     -0.03426200      0.06632000     -0.18094500
0.11963100     -0.04017300      0.40598300     -0.32832900      0.23579700     -0.91468300     -0.14860900     -0.96915100     -0.19655300     -0.93240900      0.07109500      0.35438000      0.00145000      0.02377100     -0.01668200     -0.06501500     -0.05363500      0.08979200      0.03947300     -0.10245900     -0.02785700      0.39866600      0.10169200      0.30019800      0.94843600     -0.02179900      0.95383000     -0.29944700     -0.99463600      0.00937900      0.10234200      0.00010900      0.00132700     -0.01598400      0.04338100     -0.07025800      0.20918600     -0.98639100      0.04372400      0.02813200     -0.01237500     -0.02856700     -0.34472100      0.93826900      0.14202100     -0.93053000     -0.33755400      0.98945000      0.12361100      0.07554000      0.00092200     -0.00470400     -0.00344800     -0.00092100      0.00982300     -0.02697200     -0.88581300      0.06950000      0.01593600     -0.06755600     -0.37249800      0.20468600     -0.90517800      0.03269700     -0.97187300     -0.23322400     -0.92745600     -0.11647300      0.35532800      0.00074500      0.01196900     -0.00828900     -1.45849800     -0.35897500      0.66266600     -0.15710500
0.11974400     -0.03925400      0.40513300     -0.32973000      0.23039800     -0.91555500     -0.15834600     -0.96949900     -0.18700300     -0.93030900      0.08302000      0.35729500      0.00083700      0.02914100     -0.02984600     -0.05906300     -0.04223100      0.04423500      0.03969500     -0.10221700     -0.02783200      0.39808600      0.10241900      0.29804100      0.94903800     -0.02030300      0.95449000     -0.29744100     -0.99459400      0.01080000      0.10261000      0.00017300      0.00101600     -0.01622900      0.03428900      0.00808300     -0.00441000     -0.98927900      0.04384400      0.02814500     -0.01267700     -0.02963100     -0.34257000      0.93902400      0.14062600     -0.93152100     -0.33539600      0.98961800      0.12211300      0.07577600      0.00008700      0.00054300     -0.00809200      0.03445900      0.00803400     -0.00439600     -0.88973200      0.06955700      0.01640400     -0.06798200     -0.37279800      0.19937000     -0.90624100      0.02288500     -0.97437200     -0.22377300     -0.92763000     -0.10416200      0.35868200      0.00034800      0.00998300     -0.00974700     -0.49398700     -0.03807700     -0.01296500     -0.14926700
0.11977700     -0.03844300      0.40428100     -0.33234200      0.22373700     -0.91626200     -0.16265800     -0.97047300     -0.17803400     -0.92863200      0.08958400      0.36006200      0.00041000      0.01870200     -0.02042600     -0.02748800      0.05059100     -0.17828600      0.03485400     -0.10208000     -0.02760400      0.39728200      0.09983900      0.29591600      0.94997700     -0.01812800      0.95513700     -0.29549800     -0.99489600      0.01189000      0.09952400     -0.00120500      0.00998900     -0.02661900      0.06932900      0.03152400      0.02758900     -0.99149000      0.04391300      0.02825700     -0.01306800     -0.02707200     -0.34000500      0.94003300      0.13856600     -0.93257600     -0.33331700      0.98998200      0.12123400      0.07236000     -0.00060300      0.00505600     -0.01326600      0.05982400      0.00664300      0.01630100     -0.89136500      0.06957400      0.01681800     -0.06842100     -0.37407800      0.19248000     -0.90720200      0.01880000     -0.97644900     -0.21492400     -0.92720600     -0.09745400      0.36164900      0.00019600      0.00924000     -0.01029200     -0.03370900      0.05558100     -0.19292200     -0.14926700
0.11977200     -0.03809000      0.40387400     -0.33173100      0.22391600     -0.91644000     -0.16757900     -0.96993700     -0.17638500     -0.92797600      0.09477800      0.36042200      0.00029800      0.01814800     -0.02083200      0.07038200     -0.02488700      0.03739800      0.02531000     -0.10201600     -0.02743000      0.39680200      0.09708300      0.29450100      0.95070300     -0.01678800      0.95557000     -0.29417300     -0.99518800      0.01220800      0.09651200     -0.00118200      0.00987500     -0.02670800      0.06412300      0.34731200      0.14518600     -0.99553200      0.04394500      0.02834800     -0.01331700     -0.02572100     -0.33884000      0.94049200      0.13727900     -0.93308700     -0.33241800      0.99019700      0.12056000      0.07051500     -0.00057500      0.00492400     -0.01336600      0.09705700      0.46661100      0.19693600     -0.89201800      0.06957100      0.01698100     -0.06860900     -0.37355600      0.19269300     -0.90737200      0.01379200     -0.97692300     -0.21314200     -0.92750400     -0.09213500      0.36227800      0.00013200      0.00892200     -0.01052600      0.06264700     -0.02937400      0.04749600     -0.15351200
0.11979200     -0.03759300      0.40330400     -0.33122400      0.22374300     -0.91666500     -0.17188600     -0.96950800     -0.17459100     -0.92737000      0.09944800      0.36072400      0.00003200      0.00850100     -0.01083800      0.03573800     -0.01237800      0.01846800      0.01274800     -0.10182100     -0.02695100      0.39570000      0.08903800      0.29000900      0.95286900     -0.01351600      0.95693800     -0.28986300     -0.99598000      0.01254500      0.08791900      0.01244300      0.01261300     -0.02618900      0.06817300      0.18885800      0.12178400     -1.02347900      0.04403700      0.02858100     -0.01386000     -0.01724300     -0.33285300      0.94282000      0.13429900     -0.93518600     -0.32770200      0.99079000      0.12097000      0.06082700     -0.00062100      0.00517900     -0.01318200      0.06267800      0.23785300      0.10473100     -0.89528300      0.06958100      0.01723800     -0.06890600     -0.37298700      0.19271600     -0.90760100      0.00955500     -0.97734100     -0.21145100     -0.92778700     -0.08754100      0.36269400     -0.00000200      0.00410500     -0.00552600      0.03698000     -0.01282000      0.01946300     -0.17555600
0.11977500     -0.03738300      0.40307400     -0.33177000      0.22250700     -0.91676900     -0.17078700     -0.96987100     -0.17364700     -0.92737700      0.09867800      0.36091700     -0.00000000     -0.00000000     -0.00000000     -0.00000000     -0.00000000      0.00000000      0.02139200     -0.10159400     -0.02642800      0.39462700      0.07716500      0.27946200      0.95704700     -0.01101000      0.96009300     -0.27934400     -0.99698600      0.01064700      0.07595300     -0.00141800      0.01109200     -0.02582000      0.06494000      0.26350200      0.11574000     -1.04134500      0.04415200      0.02883800     -0.01438700     -0.00695300     -0.32097900      0.94706000      0.13262800     -0.93901200     -0.31727800      0.99114100      0.12340100      0.04910000      0.00608500      0.00709600     -0.01251800      0.06249700      0.43138200      0.02855700     -0.89659000      0.06957200      0.01734500     -0.06902600     -0.37328600      0.19142200     -0.90775200      0.01075000     -0.97752300     -0.21055500     -0.92765400     -0.08835600      0.36283800      0.00009800      0.00461700     -0.00514800      0.02653100      0.05481500     -0.16867000     -0.17572000
0.11977500     -0.03738300      0.40307400     -0.33205300      0.22198300     -0.91679400     -0.17062800     -0.96999300     -0.17312200     -0.92730500      0.09866200      0.36110700     -0.00000000     -0.00000000     -0.00000000      0.00000000      0.00000000      0.00000000      0.02548600     -0.10144600     -0.02618400      0.39415000      0.07360800      0.27226600      0.95939800     -0.01027500      0.96216700     -0.27214400     -0.99725800      0.00981200      0.07240800      0.01216700      0.01404200     -0.02513800      0.05453000      0.20741900      0.20848300     -1.04204200      0.04423000      0.02896900     -0.01464500     -0.00404000     -0.31321900      0.94967100      0.13240000     -0.94148600     -0.30995600      0.99118700      0.12448500      0.04527400      0.00608900      0.00709100     -0.01252100      0.04861200      0.19142300      0.19816900     -0.89724300      0.06957200      0.01734500     -0.06902600     -0.37346800      0.19085300     -0.90779700      0.01094000     -0.97763200     -0.21003500     -0.92757800     -0.08837300      0.36302600      0.00000500     -0.00000100     -0.00000300      0.00033700      0.00008100     -0.00012100     -0.17163700
0.11977900     -0.03743800      0.40318700     -0.33153800      0.22256400     -0.91683900     -0.17623700     -0.96925700     -0.17161800     -0.92644100      0.10440000      0.36171100      0.00028000      0.00136700      0.00101300     -0.00000000     -0.00000000      0.00000000      0.03681300     -0.10096200     -0.02574000      0.39319500      0.06621800      0.26641000      0.96157800     -0.00797600      0.96380700     -0.26635900     -0.99778800      0.00961300      0.06473200      0.01400400      0.00288000     -0.01642900      0.02328700      0.31402300     -0.06482000     -1.04157900      0.04446100      0.02918800     -0.01510400      0.00160400     -0.30696900      0.95171700      0.13075500     -0.94348300     -0.30453300      0.99141300      0.12493000      0.03862400      0.00628000      0.00613600     -0.01324300      0.09083700      0.43086100      0.21846000     -0.89332400      0.06957400      0.01731500     -0.06897100     -0.37306900      0.19152600     -0.90781900      0.00529700     -0.97800500     -0.20851000     -0.92778800     -0.08259800      0.36384900      0.00015500      0.00075600      0.00056000      0.00036400      0.00006300     -0.00017300     -0.15955400
0.11977000     -0.03746900      0.40335700     -0.33102600      0.22318300     -0.91687400     -0.18192400     -0.96847100     -0.17011900     -0.92552600      0.11020300      0.36233200      0.00034600      0.00168800      0.00125000     -0.00000000     -0.00000000      0.00000000      0.05944400     -0.10048900     -0.02549900      0.39243800      0.06110600      0.26295500      0.96286600     -0.00598100      0.96475100     -0.26297100     -0.99812100      0.00996000      0.05930800      0.01393200      0.00332100     -0.01612100      0.03464400      0.07392800      0.05610800     -1.04021100      0.04470300      0.02931200     -0.01549400      0.00732600     -0.30246900      0.95313100      0.12897400     -0.94490900     -0.30085100      0.99162000      0.12513300      0.03208800      0.00696600      0.00173100     -0.00801600      0.02552800      0.05508800      0.04734000     -0.89430400      0.06957000      0.01730000     -0.06888600     -0.37268000      0.19223500     -0.90782900     -0.00043200     -0.97834200     -0.20698900     -0.92795900     -0.07674900      0.36469200      0.00012500     -0.00356200      0.00593000     -0.03534800      0.01245300     -0.01865300     -0.13783600
0.11975800     -0.03745200      0.40343400     -0.33125300      0.22282100     -0.91688000     -0.18193300     -0.96854200     -0.16970500     -0.92544200      0.11031100      0.36251200      0.00042100     -0.00629200      0.01247200     -0.03433800      0.00267900      0.00863500      0.06757900     -0.10026900     -0.02543500      0.39212800      0.05856700      0.26126200      0.96348500     -0.00521800      0.96521100     -0.26129300     -0.99827500      0.00992700      0.05667500      0.01380700      0.00398100     -0.01563500      0.03459900      0.07284300      0.05575800     -1.03760600      0.04481300      0.02934200     -0.01565000      0.00958700     -0.30048800      0.95373700      0.12834000     -0.94552200     -0.29919000      0.99168300      0.12527100      0.02950000      0.00762400     -0.00254300     -0.00268700     -0.00027200     -0.01105400      0.21176600     -0.89446700      0.06956400      0.01730800     -0.06884900     -0.37283800      0.19183500     -0.90784900     -0.00041700     -0.97842900     -0.20657800     -0.92789600     -0.07664200      0.36487600      0.00021000     -0.00314400      0.00623800     -0.03402300      0.00276300      0.00848400     -0.12542600
0.11979600     -0.03738500      0.40350900     -0.33162500      0.22215100     -0.91690800     -0.18177800     -0.96869200     -0.16901100     -0.92533900      0.11034200      0.36276600      0.00036700      0.00179300      0.00132600      0.00000000      0.00000000      0.00000000      0.07097800     -0.09973800     -0.02535500      0.39153900      0.05629500      0.25885800      0.96426900     -0.00385600      0.96585200     -0.25893800     -0.99840900      0.01051300      0.05415300      0.01406700      0.00279500     -0.01655100      0.03534600      0.03415600      0.04087500     -1.03488700      0.04507800      0.02938500     -0.01594200      0.01152200     -0.29783300      0.95454800      0.12717700     -0.94642200     -0.29683300      0.99181300      0.12481600      0.02697300      0.00705100      0.00136600     -0.00830700      0.02754200      0.01134300      0.03077900     -0.89218100      0.06958300      0.01734400     -0.06880900     -0.37308200      0.19110500     -0.90790300     -0.00022100     -0.97857500     -0.20588900     -0.92779700     -0.07661400      0.36513100      0.00721100      0.00016100      0.00010800      0.00120100     -0.01466400      0.02945800     -0.11252600
0.11981500     -0.03728700      0.40356900     -0.33219800      0.22110600     -0.91695300     -0.18143400     -0.96893800     -0.16796800     -0.92520000      0.11028600      0.36313700      0.00030000      0.00146600      0.00108300      0.00000000      0.00000000      0.00000000      0.07740500     -0.09929500     -0.02530500      0.39093900      0.04942300      0.25214900      0.96642100     -0.00285300      0.96763700     -0.25220100     -0.99876700      0.00937000      0.04732200      0.00021700      0.00106600     -0.01632500      0.03176500      0.11091200      0.03565800     -1.03627400      0.04530500      0.02940800     -0.01624400      0.01759000     -0.29017900      0.95681000      0.12653600     -0.94861800     -0.29002000      0.99180500      0.12617200      0.02003200      0.00694200      0.00193900     -0.00788700      0.02169100      0.07224300      0.04940000     -0.89332400      0.06959300      0.01739400     -0.06877800     -0.37345300      0.18997000     -0.90798800      0.00017700     -0.97879100     -0.20485600     -0.92764800     -0.07666500      0.36549900      0.00017100      0.00084600      0.00062500     -0.00951000      0.06700000     -0.18710200     -0.10762700
0.11981900     -0.03723700      0.40365700     -0.33475500      0.22212700     -0.91577500     -0.18180000     -0.96876300     -0.16858200     -0.92420400      0.10977100      0.36582100      0.00037200      0.00181600      0.00134000     -0.00000200      0.00037200      0.00013300      0.10347400     -0.09888100     -0.02521500      0.39036900      0.04127500      0.24852700      0.96774100     -0.00164800      0.96858300     -0.24855400     -0.99913000      0.00833200      0.03916600      0.00004900      0.00191300     -0.01569900      0.03210700      0.09416800      0.02926500     -1.03862900      0.04551200      0.02945300     -0.01653600      0.02529300     -0.28552700      0.95803600      0.12560800     -0.94984000     -0.28640000      0.99175700      0.12758100      0.01184000      0.00002100      0.00101900     -0.00781100      0.01838300      0.04333200      0.00737100     -0.89512000      0.06959500      0.01741800     -0.06873500     -0.37621100      0.19047100     -0.90674400     -0.00022200     -0.97865900     -0.20548600     -0.92653300     -0.07710400      0.36822500      0.00018500      0.00091400      0.00067500      0.00054100     -0.00682400     -0.00267700     -0.08133800
0.11980400     -0.03723400      0.40371100     -0.33478600      0.22211300     -0.91576800     -0.18189100     -0.96875600     -0.16852700     -0.92417500      0.10986600      0.36586600      0.00019300      0.00094400      0.00069700     -0.00000000      0.00000500      0.00000200      0.11417900     -0.09867400     -0.02514500      0.39009000      0.03863100      0.24707500      0.96822200     -0.00100700      0.96895400     -0.24710300     -0.99923300      0.00824000      0.03645700      0.00003500      0.00199900     -0.01564000      0.03365200      0.03107300      0.00462900     -1.03811800      0.04561600      0.02948900     -0.01666900      0.02767100     -0.28378100      0.95848900      0.12518500     -0.95032400     -0.28497700      0.99174700      0.12787400      0.00922900      0.00683700      0.00249800     -0.00747600      0.02385800     -0.02730200      0.01536200     -0.89463000      0.06958700      0.01742400     -0.06871100     -0.37617800      0.19044800     -0.90676300     -0.00028000     -0.97867000     -0.20543400     -0.92654700     -0.07702600      0.36820800      0.00012900      0.00063200      0.00046600      0.00011100     -0.00105700     -0.00043100     -0.06647800
0.11978600     -0.03725200      0.40377500     -0.33506600      0.22166300     -0.91577400     -0.18189500     -0.96884400     -0.16801400     -0.92407200      0.10999600      0.36608600      0.00009300      0.00045400      0.00033500     -0.00967200      0.06688800     -0.18705300      0.13391000     -0.09827400     -0.02496900      0.38946900      0.03337600      0.24397400      0.96920300      0.00045600      0.96973900     -0.24400600     -0.99941600      0.00825900      0.03103100      0.01365200      0.00506700     -0.01489900      0.03503300      0.07579500      0.08842100     -1.03388400      0.04581100      0.02957500     -0.01698000      0.03227800     -0.28017400      0.95940600      0.12388200     -0.95138200     -0.28199900      0.99177100      0.12795500      0.00399900      0.00011400      0.00059800     -0.00813900      0.02649500      0.09946000      0.03092200     -0.89381400      0.06957800      0.01741400     -0.06868000     -0.37631400      0.19009200     -0.90678000     -0.00030700     -0.97875000     -0.20505200     -0.92649100     -0.07688600      0.36837600      0.00006000      0.00030100      0.00022200      0.00002000     -0.00001800     -0.00002600     -0.03969900
0.11972100     -0.03732600      0.40387400     -0.33550000      0.22100100     -0.91577500     -0.18197500     -0.96896500     -0.16722700     -0.92389800      0.11026100      0.36644500      0.00000000      0.00000000      0.00000000     -0.00000000      0.00000000      0.00000000      0.17068100     -0.09789800     -0.02485600      0.38898300      0.02914000      0.23851300      0.97069700      0.00124200      0.97110000     -0.23853100     -0.99954200      0.00783600      0.02677600      0.01332100      0.00669900     -0.01366700      0.03572300      0.01192200      0.03258700     -1.02700100      0.04599900      0.02962900     -0.01722500      0.03589200     -0.27409300      0.96103200      0.12354100     -0.95305900     -0.27643300      0.99168900      0.12864800     -0.00034600      0.00048600     -0.00227500     -0.00174400     -0.00954500     -0.01565100     -0.01383800     -0.89348700      0.06954600      0.01737400     -0.06862600     -0.37667400      0.18920600     -0.90681600     -0.00033000     -0.97894500     -0.20411800     -0.92634500     -0.07658600      0.36880500     -0.00009600     -0.00463000      0.00513800     -0.03573200      0.01236900     -0.01847200     -0.00197900
0.11965700     -0.03738000      0.40395000     -0.33582900      0.22050700     -0.91577400     -0.18203400     -0.96905500     -0.16663900     -0.92376700      0.11045900      0.36671700     -0.00018000     -0.00921900      0.01030700     -0.03574000      0.01237300     -0.01846700      0.19312400     -0.09776500     -0.02480700      0.38883700      0.02647500      0.23718300      0.97110000      0.00156100      0.97142800     -0.23718700     -0.99961300      0.00747700      0.02412200     -0.00082400      0.00614900     -0.01249700      0.03447300      0.03300900      0.03643500     -1.01752900      0.04607200      0.02965200     -0.01729900      0.03836500     -0.27247400      0.96139700      0.12327900     -0.95346500     -0.27514600      0.99162900      0.12907700     -0.00299000      0.00724400     -0.00050400     -0.00118800     -0.00936800     -0.00020300      0.00217100     -0.89054800      0.06951400      0.01735000     -0.06859200     -0.37689700      0.18867400     -0.90683500     -0.00034900     -0.97906300     -0.20355600     -0.92625400     -0.07640300      0.36907100     -0.00000200     -0.00001200     -0.00000700      0.00000500      0.00000200     -0.00001400      0.02561800
0.11952500     -0.03753000      0.40412200     -0.33633700      0.21982200     -0.91575200     -0.18234300     -0.96915300     -0.16572800     -0.92352100      0.11096000      0.36718500     -0.00015100     -0.00073700     -0.00054400     -0.00000000      0.00000000      0.00000000      0.22969000     -0.09753400     -0.02463700      0.38859000      0.02395500      0.23538300      0.97160300      0.00227500      0.97186600     -0.23538500     -0.99967200      0.00753400      0.02151900      0.01234400      0.01135300     -0.01011300      0.03741900     -0.01501300      0.05272400     -1.01139800      0.04618200      0.02973500     -0.01742400      0.04045400     -0.27050400      0.96186800      0.12276000     -0.95401800     -0.27345900      0.99161100      0.12914100     -0.00538700      0.00006900     -0.00031000     -0.00024200     -0.00320200     -0.01447800     -0.00613400     -0.88630200      0.06944800      0.01727200     -0.06850200     -0.37727700      0.18789300     -0.90683900     -0.00064800     -0.97925500     -0.20262700     -0.92609900     -0.07585900      0.36957300     -0.00008700     -0.00041600     -0.00030600      0.00000300     -0.00000300     -0.00000800      0.08211600
0.11944600     -0.03772700      0.40434900     -0.33676900      0.21930100     -0.91571800     -0.18287300     -0.96919300     -0.16491100     -0.92325800      0.11164300      0.36763800     -0.01416300     -0.00736300      0.01170200     -0.03672800      0.02707300     -0.04802300      0.25982700     -0.09738700     -0.02436600      0.38836200      0.01979300      0.22970300      0.97305500      0.00280300      0.97322800     -0.22968200     -0.99975600      0.00696500      0.01739000      0.01356100      0.00332100      0.00094300     -0.00970700      0.38250300      0.18706900     -1.01216700      0.04625500      0.02987400     -0.01754100      0.04200900     -0.26530100      0.96324900      0.12245800     -0.95546400     -0.26849700      0.99158300      0.12923700     -0.00765000     -0.00087600      0.00529100     -0.00455500      0.07533400      0.67736500      0.29537600     -0.89022100      0.06941400      0.01717800     -0.06839800     -0.37757800      0.18735100     -0.90682600     -0.00112500     -0.97940900     -0.20187900     -0.92597600     -0.07520500      0.37001400     -0.00000200      0.00001100      0.00001000     -0.00000400     -0.00000700     -0.00002300      0.12816400
0.11942100     -0.03791100      0.40456000     -0.33709700      0.21892500     -0.91568700     -0.18340100     -0.96920300     -0.16426100     -0.92303300      0.11228700      0.36800700     -0.00017800     -0.00919700      0.01032600     -0.03574600      0.01234400     -0.01847500      0.27952200     -0.09742100     -0.02410300      0.38820100      0.02203500      0.22383600      0.97437300      0.00305600      0.97458800     -0.22383700     -0.99971100      0.00760800      0.01956100     -0.00031900      0.00150700      0.00115200     -0.00070600     -0.00241400      0.00622700     -1.01262400      0.04624300      0.03000500     -0.01761700      0.04069500     -0.25889900      0.96504600      0.12272700     -0.95723700     -0.26197900      0.99160500      0.12909900     -0.00718100     -0.00023900      0.00115000      0.00087900     -0.00750200     -0.03097600      0.06604500     -0.89348700      0.06939600      0.01708400     -0.06828800     -0.37784900      0.18688400     -0.90680900     -0.00165000     -0.97955100     -0.20118700     -0.92586500     -0.07452300      0.37043100     -0.00000700      0.00000300      0.00000700     -0.00000400      0.00000300     -0.00000800      0.16033200
0.11940900     -0.03800600      0.40466900     -0.33726700      0.21873100     -0.91567100     -0.18367500     -0.96920800     -0.16392500     -0.92291600      0.11262100      0.36819700     -0.00017700     -0.00919400      0.01033000     -0.03574700      0.01233700     -0.01847700      0.29311800     -0.09744700     -0.02395400      0.38812100      0.02215900      0.22333500      0.97448600      0.00347800      0.97469900     -0.22334500     -0.99970700      0.00803700      0.01959100     -0.00204000      0.01190000     -0.00809500      0.03544200     -0.00203400      0.02260000     -1.01227700      0.04623000      0.03007800     -0.01765700      0.04050200     -0.25848700      0.96516400      0.12232000     -0.95740900     -0.26154300      0.99166300      0.12865200     -0.00715900     -0.00029700      0.00142500      0.00108900      0.00222700     -0.01086300      0.02528700     -0.89397700      0.06939000      0.01703300     -0.06822900     -0.37798900      0.18664700     -0.90680000     -0.00193600     -0.97962400     -0.20082900     -0.92580700     -0.07415600      0.37064800     -0.00009400     -0.00459400      0.00516700     -0.03575500      0.01232800     -0.01850100      0.17780400
0.11940700     -0.03817800      0.40487600     -0.33754500      0.21842700     -0.91564100     -0.18420300     -0.96920400     -0.16335700     -0.92270900      0.11324500      0.36852500      0.00000500      0.00002400      0.00001800     -0.00000000      0.00000000      0.00000000      0.31760100     -0.09750400     -0.02363700      0.38800300      0.02451100      0.21718900      0.97581700      0.00376500      0.97608100     -0.21722400     -0.99965500      0.00870500      0.02187500     -0.00081900      0.00387400      0.00295700      0.00054600     -0.01313200      0.03294800     -1.01284800      0.04620200      0.03023900     -0.01772100      0.03734200     -0.25272900      0.96681600      0.12237400     -0.95905200     -0.25542600      0.99178100      0.12785100     -0.00488600     -0.00032100      0.00153300      0.00117100     -0.00107100     -0.00613700      0.01504200     -0.89544700      0.06938900      0.01694700     -0.06812500     -0.37820500      0.18629600     -0.90678100     -0.00245200     -0.97973800     -0.20026200     -0.92571700     -0.07351700      0.37099900      0.00690300     -0.00550600      0.00448200     -0.03477200     -0.00240700      0.01106400      0.21242200
0.11941300     -0.03831100      0.40500900     -0.33774100      0.21820500     -0.91562200     -0.18456500     -0.96920300     -0.16295300     -0.92256500      0.11367800      0.36875200     -0.00018400     -0.00922800      0.01030600     -0.03575200      0.01231100     -0.01848600      0.32447600     -0.09759300     -0.02345900      0.38804200      0.02467100      0.21665400      0.97593200      0.00400700      0.97619700     -0.21669700     -0.99965000      0.00896500      0.02198300     -0.00075900      0.00359500      0.00274000      0.00124900     -0.01064300      0.02675100     -1.01274100      0.04615700      0.03033000     -0.01770000      0.03714500     -0.25228700      0.96693900      0.12213600     -0.95920600     -0.25496100      0.99181700      0.12756800     -0.00481600     -0.00027500      0.00130100      0.00099300      0.00047600     -0.00006400     -0.00013800     -0.89577300      0.06939200      0.01688400     -0.06806300     -0.37834800      0.18605500     -0.90677100     -0.00278600     -0.97981500     -0.19988100     -0.92565800     -0.07309900      0.37122900     -0.00000800     -0.00002500     -0.00002000     -0.00000300     -0.00000100     -0.00000900      0.23495600
0.11944300     -0.03832900      0.40500900     -0.33779100      0.21810400     -0.91562800     -0.18455900     -0.96922300     -0.16284100     -0.92254800      0.11370300      0.36878800     -0.00000200     -0.00000800     -0.00000600      0.00000000      0.00000000      0.00000000      0.32446200     -0.09763500     -0.02341000      0.38809600      0.02492500      0.21601500      0.97606700      0.00402700      0.97633800     -0.21606000     -0.99964400      0.00902500      0.02223200     -0.00014700      0.00069600      0.00053000     -0.00000000      0.00000000      0.00000000     -1.01132800      0.04613500      0.03036000     -0.01766900      0.03679700     -0.25167800      0.96711100      0.12214200     -0.95937700     -0.25431300      0.99183000      0.12748300     -0.00456200     -0.00007000      0.00032800      0.00025200      0.00031700     -0.00008100      0.00002500     -0.89642600      0.06940600      0.01687100     -0.06805900     -0.37838700      0.18593300     -0.90678000     -0.00279500     -0.97984200     -0.19974800     -0.92564200     -0.07304800      0.37127900      0.00000200      0.00000500      0.00000200      0.00000300     -0.00001100     -0.00000300      0.23854900
0.11945400     -0.03832300      0.40500000     -0.33776600      0.21813600     -0.91562900     -0.18454600     -0.96921800     -0.16288500     -0.92256000      0.11368000      0.36876500     -0.00000000     -0.00000000     -0.00000000      0.00000000      0.00000000      0.00000000      0.32849800     -0.09765300     -0.02337700      0.38810900      0.02511000      0.21553500      0.97616900      0.00408700      0.97644300     -0.21558300     -0.99963900      0.00911300      0.02240500     -0.00022600      0.00107300      0.00081700     -0.00000000      0.00000000      0.00000000     -1.01071900      0.04612600      0.03037500     -0.01766400      0.03655000     -0.25123100      0.96723600      0.12210600     -0.95950800     -0.25383800      0.99184300      0.12738400     -0.00439300     -0.00697200     -0.00069100      0.00026700     -0.00177900      0.01514100     -0.02924800     -0.89659000      0.06941200      0.01687400     -0.06806400     -0.37836800      0.18597000     -0.90678000     -0.00278300     -0.97983400     -0.19979100     -0.92565000     -0.07307100      0.37125500     -0.00000000      0.00000700      0.00000300     -0.00000400     -0.00000600     -0.00001100      0.24067100
