0.13569400      0.01743500      0.44672100      0.44725100      0.76961300     -0.45574900     -0.87811400      0.47459100     -0.06042600      0.16922700      0.42627300      0.88864000     -0.00240500     -0.01537000     -0.00599700      3.08185600     -0.28437300     -5.19112200      0.30619400     -0.12392700      0.02803100      0.42540300      0.35166400      0.50303500      0.78948000     -0.82235700      0.56890000      0.00396700     -0.44755600     -0.65125600      0.61271700      0.00030500     -0.00197500     -0.00084000      0.00893200     -0.07009300      0.18590100      0.44472600      0.03299000      0.05607300      0.00098000     -0.25393900     -0.57368800      0.77871400      0.89197100     -0.45024400     -0.04082800      0.37403400      0.68422300      0.62604800      0.00595200     -0.00004100     -0.00034400      0.00280100     -0.01450700     -0.00149400      0.41414400      0.07753800      0.04476400     -0.04719900      0.29927700      0.85523800     -0.42308500     -0.94927900      0.31169000     -0.04143000      0.09643900      0.41402500      0.90514200     -0.00116600     -0.00745000     -0.00290800      0.04387400     -0.39411300     -1.04704400      0.23479300
0.13529900      0.01689800      0.44665200      0.38705900      0.79487300     -0.46734100     -0.91288200      0.40158100     -0.07315000      0.12904300      0.45395600      0.88164600     -0.00182400     -0.02000400      0.00621800      0.74578800      0.12019400     -1.89460300      0.27649300     -0.12351700      0.02814900      0.42540800      0.35621800      0.50166600      0.78830900     -0.82062100      0.57136700      0.00735800     -0.44714500     -0.65014900      0.61419100      0.02288700      0.00571300      0.00114000      0.01315100     -0.10120600      0.24411700      0.44205200      0.03319500      0.05613000      0.00098200     -0.25881200     -0.57297500      0.77763400      0.89066700     -0.45311100     -0.03743000      0.37380100      0.68292600      0.62760100      0.01141200      0.00307200      0.00065500      0.01302500     -0.10139500      0.24384100      0.41022500      0.07733400      0.04448600     -0.04724200      0.23166600      0.86941600     -0.43640000     -0.97156600      0.22932300     -0.05889500      0.04887200      0.43763600      0.89782200     -0.00672800     -0.00481900     -0.00155600      2.75038000      0.36852100     -5.23994700      0.20229800
0.13484200      0.01645600      0.44648600      0.26540400      0.83493400     -0.48217400     -0.96214900      0.26129300     -0.07725100      0.06115200      0.48339100      0.87328200     -0.01394200     -0.01227500     -0.00430400      0.95124800     -0.29385300     -1.89359600      0.27341600     -0.12295200      0.02865800      0.42528300      0.36083000      0.49776600      0.78868300     -0.81828900      0.57462800      0.01185200     -0.44772800     -0.65026700      0.61364100      0.02093900      0.01869500     -0.00737500      0.03174500      0.00056200      0.09392500      0.44148500      0.03347800      0.05638600      0.00092100     -0.26387600     -0.56949400      0.77848800      0.88895200     -0.45681900     -0.03286200      0.37434300      0.68336800      0.62679600      0.01043900      0.00956600     -0.00360400      0.03993200     -0.03118500      0.08188600      0.40744900      0.07711100      0.04427000     -0.04731900      0.10472200      0.88753600     -0.44867800     -0.99421700      0.08264900     -0.06856300     -0.02376900      0.45326300      0.89105900     -0.00702600     -0.00211300     -0.00759600      3.55566800     -0.40755800     -5.43403200      0.18123400
0.13464600      0.01627000      0.44628200      0.18197600      0.85257900     -0.48993800     -0.98313500      0.16635900     -0.07577700      0.01666600      0.49440700      0.86908600     -0.01405200     -0.01285900     -0.00455200      0.97040200     -0.14574400     -2.07701300      0.27635000     -0.12265600      0.02900000      0.42514600      0.36550900      0.49257300      0.78978900     -0.81365800      0.58111100      0.01427500     -0.45235800     -0.64844900      0.61216700      0.00940800      0.01637100     -0.00771800      1.28981700      0.24448700      1.16065900      0.44258000      0.03362200      0.05655400      0.00085600     -0.26819900     -0.56638800      0.77927700      0.88619100     -0.46228000     -0.03099600      0.37780000      0.68227600      0.62591200      0.01047600      0.00945600     -0.00361000      4.31915600      0.41414100      3.63168900      0.40810200      0.07700800      0.04417100     -0.04742200      0.01773200      0.88935800     -0.45686600     -0.99738800     -0.01626400     -0.07037100     -0.07001600      0.45692000      0.88674700     -0.00703000     -0.00647800     -0.00229600      0.98009700     -0.11525600     -2.08612300      0.17960100
0.13451200      0.01603200      0.44574600      0.02782800      0.85928600     -0.51078200     -0.99734700     -0.01035000     -0.07185200     -0.06707000      0.51035900      0.85735800     -0.00164300      0.00655000     -0.02561700      5.21188300     -1.23856300     -4.14338400      0.28589800     -0.12218600      0.02967700      0.42465600      0.38097100      0.47510200      0.79317700     -0.79725900      0.60319000      0.02177400     -0.46854400     -0.64125500      0.60755300      0.00880700      0.02083300     -0.01982500      4.38699500      0.18812400      3.53302000      0.42753000      0.03385500      0.05689900      0.00061900     -0.28359000     -0.55164000      0.78439100      0.87523900     -0.48312600     -0.02333300      0.39183100      0.67991300      0.61982700      0.00512700      0.00552100     -0.00499200     -0.13201600     -0.03665200      0.28512700      0.40075400      0.07694000      0.04404700     -0.04769300     -0.13463700      0.86864600     -0.47678800     -0.97880700     -0.19151300     -0.07251200     -0.15429800      0.45692100      0.87602200     -0.00082500      0.00343800     -0.01277700      5.18225300     -1.30404000     -4.15698200      0.18760200
0.13470500      0.01637500      0.44503700     -0.08992600      0.83995500     -0.53519500     -0.98592900     -0.15102400     -0.07146200     -0.14074800      0.52019400      0.84238700      0.01205000      0.00863600     -0.01119800      2.96366100     -0.27311600     -4.93167300      0.29366100     -0.12213000      0.03045800      0.42380100      0.40159600      0.44299900      0.80153900     -0.76845700      0.63905100      0.03196900     -0.49854100     -0.62933900      0.59603100     -0.00395700      0.02723800     -0.03043600      4.46820000      0.49002100      3.49724900      0.39647200      0.03388700      0.05729400      0.00018300     -0.31038800     -0.52180700      0.79459100      0.84992900     -0.52671300     -0.01388800      0.42576900      0.67103600      0.60698500     -0.00188900      0.01337800     -0.01529400      4.47707700      0.47784700      3.48479700      0.37266800      0.07703400      0.04420500     -0.04805300     -0.24668500      0.82864000     -0.50249400     -0.94151700     -0.32774800     -0.07826400     -0.22954400      0.45380100      0.86103000      0.00608800      0.00487300     -0.00540300      2.93839000     -0.31419900     -4.93888000      0.19756300
0.13497100      0.01723200      0.44425700     -0.21317300      0.80068500     -0.55991600     -0.94725300     -0.30969000     -0.08231300     -0.23905000      0.51183900      0.82516900      0.00116500      0.02417300     -0.01855200      3.32823300     -0.53499400     -5.10617600      0.34578500     -0.12244800      0.03144900      0.42254300      0.42573400      0.39925400      0.81199700     -0.72905500      0.68281400      0.04665300     -0.53632600     -0.61235000      0.58072800     -0.01500300      0.02226200     -0.03184400      0.13166800      0.39765100      0.24874100      0.32618500      0.03373500      0.05777400     -0.00042200     -0.34050200     -0.48195800      0.80732500      0.81677100     -0.57696000      0.00005200      0.46577000      0.65941800      0.59010600     -0.00751500      0.01132000     -0.01583800      1.33099400      0.63578300      1.19863000      0.31094400      0.07716700      0.04463100     -0.04843300     -0.35759300      0.77128700     -0.52653900     -0.87648600     -0.47179100     -0.09583500     -0.32233300      0.42723400      0.84473100      0.00648900      0.01134800     -0.00983700      1.38492000     -0.47288800     -1.59227800      0.23348700
0.13516200      0.01774400      0.44380900     -0.26357200      0.77653900     -0.57233100     -0.92147000     -0.37813100     -0.08878200     -0.28503900      0.50301800      0.81593700      0.01301400      0.02333400     -0.01940700      0.84744000     -0.90027000     -1.50553500      0.36478500     -0.12265100      0.03194300      0.42190100      0.43322700      0.37877100      0.81782500     -0.71051300      0.70174900      0.05150900     -0.55491600     -0.60386400      0.57208400     -0.01510700      0.02295900     -0.03151400      0.03213900      0.44463600      0.24083200      0.29578700      0.03363200      0.05802700     -0.00075600     -0.35075500     -0.46272400      0.81416000      0.80080400     -0.59890700      0.00461500      0.48547100      0.65360200      0.58062100     -0.00170200      0.01200800     -0.01585000      0.10230000      0.46442100      0.52697000      0.26865200      0.07725900      0.04489200     -0.04865500     -0.40643300      0.73704400     -0.53997800     -0.83629300     -0.53812400     -0.10504800     -0.36800000      0.40888500      0.83509700      0.00650500      0.01605300     -0.01503400      3.43040000     -0.11898000     -4.65644700      0.26810400
0.13590200      0.01884800      0.44277000     -0.31527700      0.73867000     -0.59583000     -0.88388000     -0.45707500     -0.09904400     -0.34511500      0.49449500      0.79774500      0.02487600      0.02297500     -0.02005100      3.32803100     -0.18993800     -4.21257700      0.35943200     -0.12304100      0.03305100      0.42065800      0.45093500      0.34241800      0.82425600     -0.67576900      0.73421300      0.06482800     -0.58352200     -0.58666800      0.56141500     -0.01595900      0.02842700     -0.02912000      0.04450700      0.15533800      0.41234000      0.26597000      0.03343300      0.05858100     -0.00139300     -0.37300900     -0.42903000      0.82267700      0.77116600     -0.63638500      0.01777600      0.51591300      0.64105100      0.56823100     -0.00799900      0.01444100     -0.01445800      0.04821600      0.10352000      0.40708300      0.20121300      0.07762500      0.04544700     -0.04917300     -0.44757000      0.69163700     -0.56684900     -0.78733300     -0.60533500     -0.11693600     -0.42401200      0.39396200      0.81547900      0.01250100      0.01591900     -0.01529700      0.23947000     -0.93963300      0.03877200      0.29259800
0.13652800      0.02012800      0.44187200     -0.39302000      0.68533700     -0.61310300     -0.82834100     -0.55331000     -0.08759100     -0.39878400      0.47257800      0.78591900      0.01387000      0.02949900     -0.01691900      0.31927600     -0.44260800     -0.27344100      0.35661100     -0.12319700      0.03418400      0.41971700      0.47246700      0.31650500      0.82255100     -0.65186100      0.75356000      0.08460600     -0.59363100     -0.57655900      0.56128900     -0.00355000      0.02393600     -0.01768300      0.03346900      0.04420500      0.33289700      0.27007500      0.03335700      0.05913100     -0.00185000     -0.39774300     -0.40698400      0.82229100      0.75095500     -0.65932000      0.03691400      0.52713000      0.63218600      0.56786700      0.00332100      0.01755000     -0.01374900     -0.07462500      0.07125000      0.41168300      0.18651700      0.07793700      0.04606700     -0.04961400     -0.51719600      0.62325800     -0.58656200     -0.71230400     -0.69340000     -0.10871200     -0.47447800      0.36158600      0.80257300      0.00699700      0.01539800     -0.00825800      3.61197100     -0.17007500     -4.48209800      0.28508600
0.13668200      0.02082200      0.44149000     -0.43275300      0.65270200     -0.62189300     -0.79237200     -0.60434400     -0.08298500     -0.42947100      0.45604300      0.77949100      0.00262800      0.04249600     -0.02526700      1.15572900     -0.36114800     -1.28119300      0.38205800     -0.12318000      0.03466800      0.41935400      0.47957100      0.30791200      0.82170100     -0.64392100      0.75957900      0.09131900     -0.59660500     -0.57329000      0.56148400     -0.00359800      0.02421500     -0.01755000      4.51173600      0.79028100      3.73214800      0.28768800      0.03336300      0.05939200     -0.00204400     -0.40595200     -0.40143300      0.82100700      0.74515900     -0.66549400      0.04305300      0.52909300      0.62925900      0.56929100     -0.00172000      0.01206800     -0.00878400      4.45098400      1.00543500      3.80230500      0.19386500      0.07802300      0.04642400     -0.04981200     -0.54982000      0.58426600     -0.59693300     -0.66763800     -0.73686000     -0.10627900     -0.50195200      0.34010100      0.79521900      0.00716300      0.01661200     -0.00778900      3.74504100     -0.01609600     -4.75047400      0.29619000
0.13697300      0.02240500      0.44068700     -0.47990600      0.59208900     -0.64743100     -0.73116200     -0.67772200     -0.07790100     -0.48431200      0.43525100      0.75896300      0.01458100      0.04306300     -0.02557400      0.06323700     -0.68863400     -0.18459800      0.42053500     -0.12302000      0.03567700      0.41859800      0.49154300      0.29091700      0.82081900     -0.62677300      0.77249500      0.10168900     -0.60508800     -0.56481600      0.56099400     -0.00346600      0.02331900     -0.01789900      0.07574300     -0.02251000      0.25989800      0.29181600      0.03344400      0.05989100     -0.00241400     -0.42011700     -0.38368400      0.82236700      0.72918500     -0.68216200      0.05424300      0.54017500      0.62244700      0.56636500      0.00326500      0.01774200     -0.01363600      0.15316600     -0.08872200      0.33972800      0.21297000      0.07816500      0.04721900     -0.05021200     -0.58594500      0.51626100     -0.62461200     -0.59262300     -0.79870800     -0.10422000     -0.55268800      0.30909200      0.77394800      0.00138500      0.01734600     -0.00717600      0.20941700     -0.77622400     -0.57262700      0.34779000
0.13720900      0.02373500      0.43991300     -0.50355900      0.54163100     -0.67313400     -0.68802800     -0.72258300     -0.06679700     -0.52195500      0.42882200      0.73736100      0.00193900      0.02965800     -0.01631400     -0.66785000     -0.55965000     -0.75485200      0.44645900     -0.12301600      0.03660100      0.41795100      0.50743800      0.26438500      0.82012100     -0.59989200      0.79156500      0.11613500     -0.61908700     -0.55124700      0.55921500      0.00779800      0.02642400     -0.01718900      0.02213400      0.10201100      0.37391000      0.28526700      0.03344200      0.06035100     -0.00273800     -0.43958400     -0.36015500      0.82283200      0.70567200     -0.70523700      0.06830900      0.55569000      0.61067800      0.56416200     -0.00176100      0.01188600     -0.00884100     -0.00311100      0.19470200      0.34558200      0.21150000      0.07828900      0.04789900     -0.05059900     -0.59981100      0.46426400     -0.65167800     -0.54191700     -0.83492700     -0.09602700     -0.58868600      0.29555700      0.75239100      0.00100000      0.01470900     -0.00822700     -1.96571300      0.13984400     -2.01343200      0.39024500
0.13723500      0.02425600      0.43963500     -0.51684600      0.51501400     -0.68386800     -0.66122300     -0.74749700     -0.06327800     -0.54314200      0.41884000      0.72773400     -0.00997800      0.02913300     -0.01597800      0.05459000     -0.65103200     -0.08222100      0.46175800     -0.12300200      0.03698500      0.41771400      0.51211000      0.25617900      0.81982100     -0.59183400      0.79691200      0.12081400     -0.62299400     -0.54739000      0.55866400      0.00787300      0.02589000     -0.01740400      0.06852600     -0.04933500      0.27752600      0.28264900      0.03344900      0.06054500     -0.00285600     -0.44519400     -0.35209700      0.82330300      0.69855300     -0.71179000      0.07332900      0.56020000      0.60776800      0.56284300     -0.00114600      0.00761600     -0.00371200      0.04682300     -0.08529100      0.23526800      0.20627500      0.07830300      0.04817100     -0.05074300     -0.60773000      0.43481600     -0.66452800     -0.51089200     -0.85470400     -0.09202800     -0.60799100      0.28357400      0.74157300     -0.00500500      0.01434000     -0.00807400      0.05919200     -0.60702100     -0.06241800      0.40918700
0.13713900      0.02494600      0.43915800     -0.55081200      0.44733200     -0.70466000     -0.58592900     -0.80845600     -0.05529700     -0.59374400      0.38186100      0.70829100      0.00038800      0.01942200     -0.02025700      1.08888000     -0.65546900     -1.39431100      0.51288500     -0.12289200      0.03771000      0.41736400      0.51979700      0.24018100      0.81982600     -0.58092800      0.80293500      0.13323600     -0.62689400     -0.54581800      0.55583300      0.00879500      0.01914100     -0.00639800      0.41207300      0.14725300      0.40213100      0.28134000      0.03350800      0.06091300     -0.00303900     -0.45513400     -0.33737200      0.82403400      0.68900000     -0.71964900      0.08591600      0.56403000      0.60686300      0.55998700      0.00439000      0.00966800     -0.00316000      0.43221400      0.11182500      0.38551200      0.20170300      0.07825600      0.04852300     -0.05098000     -0.62891000      0.36366200     -0.68718300     -0.42602600     -0.90054900     -0.08667700     -0.65036300      0.23824600      0.72129400      0.00015300      0.00931800     -0.01027500      1.07912200     -0.73045700     -1.42494600      0.46748200
0.13715700      0.02532900      0.43838900     -0.55493600      0.40397700     -0.72725100     -0.54603900     -0.83636600     -0.04800000     -0.62695500      0.36996300      0.68562500     -0.00133300      0.00811200     -0.02461300      0.05090500     -0.70609300     -0.12315100      0.52389000     -0.12288700      0.03852800      0.41718200      0.54400300      0.21350900      0.81146000     -0.55803100      0.81420600      0.16001400     -0.62719000     -0.54013500      0.56102600     -0.00346000      0.02223500     -0.00449100      0.01029200     -0.11386500      0.29449000      0.28021800      0.03351200      0.06131100     -0.00312900     -0.48301600     -0.31403200      0.81736100      0.66867200     -0.73495400      0.11277800      0.56530700      0.60102100      0.56497800     -0.00179400      0.01153400     -0.00207200     -0.05355600     -0.23581000      0.41576200      0.20023300      0.07826700      0.04871700     -0.05135300     -0.62503100      0.32067400     -0.71169000     -0.38130800     -0.92097100     -0.08009400     -0.68113100      0.22131200      0.69791100     -0.00072800      0.00352200     -0.01250700      0.26106900     -0.76505600     -0.59714300      0.50748800
0.13709500      0.02537900      0.43763700     -0.55589700      0.36949900     -0.74464400     -0.51561900     -0.85587400     -0.03984000     -0.65135700      0.36134100      0.66722800     -0.00128400      0.00843800     -0.02448700     -0.42424200     -0.09392400     -0.79100400      0.51676900     -0.12294900      0.03937000      0.41713700      0.56368100      0.18980800      0.80388300     -0.54213900      0.81920800      0.18686300     -0.62376400     -0.54138500      0.56363500     -0.00228300      0.01405000      0.00584800     -0.04721100      0.08208200      0.28414300      0.29886700      0.03348000      0.06173900     -0.00315400     -0.50601000     -0.29343100      0.81108000      0.65452600     -0.74305300      0.13951900      0.56173700      0.60147200      0.56805100      0.00379300      0.01314300     -0.00172100     -0.01477400      0.02838300      0.56100200      0.21182700      0.07823300      0.04872600     -0.05173500     -0.61901100      0.28788900     -0.73071500     -0.34792200     -0.93463800     -0.07349500     -0.70411300      0.20873800      0.67871400     -0.00646200      0.00027500     -0.00657700     -1.42141600      0.54073000     -2.22469000      0.51140700
0.13695600      0.02541300      0.43734400     -0.56312100      0.34724800     -0.74990600     -0.48994800     -0.87101300     -0.03548500     -0.66480500      0.34699600      0.66155500     -0.00147500     -0.00122300     -0.01436700     -0.01056700     -0.60531600     -0.16981500      0.51697800     -0.12293000      0.03975500      0.41711800      0.56802700      0.18040400      0.80298900     -0.53693200      0.82059500      0.19560500     -0.62433000     -0.54248600      0.56194700     -0.00195700      0.01202600      0.00499200     -0.07069500      0.09421400      0.50654600      0.29828000      0.03348800      0.06193700     -0.00316100     -0.51149300     -0.28492600      0.81067300      0.64996000     -0.74539500      0.14810900      0.56207200      0.60266300      0.56645500      0.00399100      0.01187500     -0.00225500     -0.06803200      0.16552600      0.59397800      0.21754200      0.07816400      0.04874600     -0.05188500     -0.62355400      0.26516400     -0.73543700     -0.31990300     -0.94490100     -0.06945100     -0.71333100      0.19196200      0.67402300     -0.00648000      0.00463900     -0.01180300      0.15730100     -0.44516900     -0.72772000      0.51108100
0.13678200      0.02552800      0.43656000     -0.57143500      0.32001400     -0.75571100     -0.46283900     -0.88606500     -0.02530500     -0.67700200      0.33490900      0.65538600     -0.00168800     -0.00259200     -0.01491500     -0.09160300     -0.35830700     -0.19500400      0.51783500     -0.12292600      0.04040100      0.41696800      0.57402300      0.16039600      0.80297000     -0.52752300      0.82236900      0.21298400     -0.62687400     -0.54604400      0.55563300     -0.00268100      0.01738100     -0.00655000     -0.11148500      0.28980600      0.58540000      0.29605300      0.03349000      0.06226200     -0.00323100     -0.52035800     -0.26665500      0.81124700      0.64149800     -0.74911600      0.16524300      0.56365500      0.60639900      0.56086700      0.00425500      0.01017100     -0.00296600     -0.21181200      0.55964300      0.54776500      0.21982800      0.07807600      0.04880300     -0.05227700     -0.62630400      0.23685700     -0.74272500     -0.29039600     -0.95504200     -0.05968900     -0.72347200      0.17830100      0.66692900     -0.00079000      0.00315300     -0.01265300     -0.21657600     -0.47429700     -0.36645400      0.51271300
0.13657100      0.02576800      0.43599600     -0.57841900      0.30868000     -0.75511100     -0.45520300     -0.89024100     -0.01530200     -0.67624100      0.33448800      0.65638700     -0.01165200      0.00969300     -0.00955500      0.03335300      0.00254600     -0.01261400      0.51067900     -0.12301700      0.04104500      0.41687200      0.57803100      0.14487300      0.80304600     -0.52048400      0.82330900      0.22625800     -0.62907900     -0.54893700      0.55026400      0.00819300      0.02219800     -0.00517400     -0.01108000      0.04852200      0.32958700      0.28173700      0.03344200      0.06257000     -0.00328400     -0.52604100     -0.25071700      0.81266300      0.63509400     -0.75133600      0.17930200      0.56562900      0.61043800      0.55446200     -0.00159100      0.01024100     -0.00264000     -0.02908000      0.10892800      0.32095900      0.20872400      0.07797700      0.04890200     -0.05256800     -0.63046600      0.22416100     -0.74314400     -0.28222500     -0.95806700     -0.04955700     -0.72309100      0.17849000      0.66729300     -0.00578200      0.00506400     -0.00468600      0.02813500      0.02363200     -0.01163900      0.50830400
0.13638200      0.02599600      0.43588700     -0.58293200      0.30264000     -0.75408500     -0.44878900     -0.89354500     -0.01175300     -0.67664600      0.33119200      0.65763900     -0.01069200      0.01585400     -0.00713100      0.03609600     -0.00721200      0.01613400      0.50874100     -0.12303400      0.04131500      0.41687900      0.57970100      0.14047900      0.80262300     -0.51817400      0.82366200      0.23023700     -0.62945200     -0.54954200      0.54923300      0.00962400      0.01242500      0.00450700     -0.02105200     -0.01566600      0.27778400      0.28712200      0.03343300      0.06271400     -0.00328200     -0.52843600     -0.24638800      0.81243300      0.63284900     -0.75221600      0.18350200      0.56591200      0.61111600      0.55342400     -0.00086900      0.00534300      0.00219600     -0.01311100     -0.01855600      0.24193900      0.20562200      0.07787700      0.04901000     -0.05262500     -0.63392500      0.21732600     -0.74223100     -0.27523200     -0.96027100     -0.04609800     -0.72276200      0.17506300      0.66855500     -0.00533200      0.00798000     -0.00353700      0.03607200      0.00301600     -0.00411900      0.50487500
0.13605800      0.02661200      0.43574000     -0.58682500      0.29380000     -0.75456100     -0.44112900     -0.89740500     -0.00642200     -0.67831000      0.32872000      0.65716500     -0.01026300      0.01845500     -0.00611400     -0.04987200     -0.39245400     -0.15174200      0.51162100     -0.12290400      0.04175700      0.41693700      0.58190000      0.13571900      0.80185100     -0.51543900      0.82411700      0.23470800     -0.62967200     -0.55005100      0.54847100     -0.00254600      0.01650400     -0.00693100      0.03553000     -0.00288000      0.02213900      0.29165200      0.03350000      0.06294500     -0.00324900     -0.53153800     -0.24211100      0.81169500      0.63021200     -0.75331900      0.18799400      0.56595000      0.61146600      0.55299900     -0.00126000      0.00817700     -0.00349900      0.04025800     -0.01391400      0.01738600      0.20937700      0.07771300      0.04933500     -0.05269700     -0.63693500      0.20875700     -0.74211300     -0.26713600     -0.96276200     -0.04155100     -0.72315300      0.17178100      0.66898400     -0.00507700      0.00954100     -0.00292800     -0.09515500     -0.57239000     -0.21007600      0.50112000
0.13598900      0.02719100      0.43550400     -0.59142400      0.28231000     -0.75535600     -0.42864300     -0.90345600     -0.00211500     -0.68229800      0.32217100      0.65627900      0.01253900      0.01294000     -0.00934100      4.19883300     -0.07134700     -3.59891500      0.50811900     -0.12266100      0.04214200      0.41696600      0.58304700      0.13487700      0.80115900     -0.51435900      0.82451900      0.23566100     -0.62949500     -0.54965300      0.54907300      0.01029500      0.00811100      0.00272100      0.00204400     -0.01520500      0.02924500      0.29133700      0.03362200      0.06313600     -0.00323500     -0.53283500     -0.24151700      0.81102100      0.62924300     -0.75390200      0.18890100      0.56580800      0.61098200      0.55367800      0.00514900      0.00405900      0.00136000      0.00167200     -0.01551600      0.02885000      0.21264300      0.07767500      0.04962900     -0.05280800     -0.63730400      0.19950500     -0.74433900     -0.25938700     -0.96508000     -0.03658300     -0.72564600      0.16975800      0.66679800      0.00053300      0.00755100     -0.00397600      0.03191400     -0.06132000      0.03689700      0.50569200
0.13614600      0.02777500      0.43538400     -0.60262500      0.26009000     -0.75448100     -0.40512000     -0.91421000      0.00835800     -0.68683600      0.31036400      0.65723600      0.00203700      0.01309800      0.00509200     -0.00761400      0.04536400     -0.13412800      0.45424000     -0.12251600      0.04242900      0.41706300      0.58351600      0.13456500      0.80087000     -0.51398800      0.82463100      0.23607900     -0.62936400     -0.54956200      0.54931400      0.01044900      0.00709900      0.00230300      0.00348500     -0.02641000      0.05575600      0.29699600      0.03369100      0.06327700     -0.00318700     -0.53331000     -0.24129300      0.81077600      0.62894200     -0.75405600      0.18929100      0.56569600      0.61088200      0.55390500     -0.00034000      0.00205500      0.00083400     -0.00031500     -0.00008300     -0.00022300      0.21395000      0.07775500      0.04990800     -0.05287800     -0.64521200      0.17194400     -0.74440300     -0.22851400     -0.97317300     -0.02672200     -0.72902900      0.15286500      0.66719500      0.00102100      0.01070100     -0.00275600      0.03620000      0.06104600     -0.12772900      0.46878800
0.13619600      0.02816200      0.43543000     -0.60903500      0.25352500     -0.75156300     -0.40346700     -0.91479600      0.01829300     -0.68213700      0.31405100      0.66037000      0.00280300      0.01803400      0.00698500     -0.01998200      0.05727200     -0.14806200      0.41531000     -0.12243200      0.04250100      0.41709700      0.58340500      0.13467800      0.80093200     -0.51410500      0.82459200      0.23596400     -0.62937200     -0.54959300      0.54927300      0.01081600      0.00485900      0.00139100     -0.00788900      0.06211800     -0.15371300      0.29993900      0.03373200      0.06331600     -0.00316900     -0.53331700     -0.24131700      0.81076400      0.62896400     -0.75403500      0.18929700      0.56566400      0.61089700      0.55392000     -0.00026300      0.00158600      0.00064400      0.00116900     -0.01128400      0.02634900      0.21835800      0.07778000      0.05009600     -0.05285700     -0.65039500      0.16429300     -0.74161500     -0.22676200     -0.97380400     -0.01686100     -0.72495800      0.15720300      0.67061300      0.00140900      0.00905900      0.00351100     -0.04735800      0.07756200     -0.17679500      0.42812900
0.13604700      0.02921700      0.43581000     -0.61798500      0.26470900     -0.74031700     -0.44010400     -0.89671700      0.04667700     -0.65073600      0.35432800      0.67158200     -0.00698400      0.03060900      0.01226300     -6.11916400      1.60760800      1.85435500      0.31374100     -0.12207800      0.04251300      0.41713500      0.58264500      0.13820600      0.80088400     -0.51906700      0.82146500      0.23600800     -0.62598900     -0.55339300      0.54932400      0.01151800      0.00063400     -0.00032700      0.00204400     -0.01520500      0.02924500      0.28732400      0.03390900      0.06332400     -0.00314900     -0.53196500     -0.24478400      0.81061300      0.63354800     -0.75020700      0.18922300      0.56180900      0.61422200      0.55416600      0.00581200     -0.00000100     -0.00029700      0.00194400     -0.01489900      0.02914400      0.21525600      0.07770800      0.05061500     -0.05267100     -0.66068900      0.17095700     -0.73093200     -0.26006100     -0.96554700      0.00923800     -0.70417100      0.19619000      0.68238600     -0.00352900      0.01094400      0.01135900     -1.25896500      0.37904400      0.83179300      0.31088600
0.13564100      0.03042600      0.43661800     -0.60267100      0.34013800     -0.72189900     -0.54985700     -0.83257600      0.06668400     -0.57761000      0.43670200      0.68969900     -0.01729900      0.03067300      0.02638800     -1.23647500      0.59206500      0.71898300      0.20544300     -0.12147300      0.04243100      0.41720400      0.58019100      0.15146700      0.80026700     -0.53790600      0.80896000      0.23701200     -0.61219000     -0.56816900      0.54979100      0.01304400     -0.00948100      0.00922300     -0.03468800     -0.01208100      0.00666600      0.27937400      0.03421200      0.06328200     -0.00312000     -0.52776100     -0.25756600      0.80939900      0.65054700     -0.73526000      0.19020900      0.54612700      0.62693800      0.55560100      0.01148700      0.00084100     -0.00025100      0.00112600     -0.03030800      0.05634100      0.20529500      0.07751000      0.05122300     -0.05227100     -0.66035100      0.24926200     -0.70838100     -0.38458400     -0.92246600      0.03391600     -0.64500400      0.29482800      0.70501400     -0.00282000      0.01549400      0.01294900     -4.11181700      0.76766300      3.73766800      0.17111000
0.13546000      0.03105100      0.43716500     -0.59005500      0.39051100     -0.70666900     -0.61242800     -0.78679800      0.07650100     -0.52540400      0.47743400      0.70429700     -0.01652500      0.03512300      0.02792000     -1.39094600      1.25288700      1.32818100      0.13206200     -0.12109500      0.04240900      0.41727800      0.57813700      0.16712600      0.79863500     -0.55655400      0.79643600      0.23637100     -0.59726100     -0.58134500      0.55243100      0.02265800      0.00360100      0.00030200      0.00500600     -0.04164000      0.05169700      0.26093200      0.03439700      0.06326400     -0.00308000     -0.52368000     -0.27299800      0.80698900      0.66733900     -0.72026900      0.18939500      0.52954500      0.63771700      0.55937300      0.01204800     -0.00303500      0.00500400     -0.05020700     -0.01465300      0.03423300      0.19533400      0.07741900      0.05153300     -0.05199800     -0.65613500      0.29855400     -0.69307400     -0.45404500     -0.88976000      0.04656700     -0.60276700      0.34524100      0.71936000     -0.00257000      0.01711800      0.01346800     -5.19402600      1.12058800      4.79483000      0.08881100
0.13512300      0.03238600      0.43855000     -0.50893000      0.53633300     -0.67333700     -0.78100900     -0.61658300      0.09910700     -0.36138800      0.57565100      0.73352000     -0.00344900      0.03495400      0.04059300     -5.22761200      1.60556900      5.51113400      0.01924900     -0.12012500      0.04236200      0.41763000      0.56664500      0.22081900      0.79381600     -0.61994200      0.74878000      0.23438300     -0.54332600     -0.62520500      0.56016000      0.03470800      0.00003000      0.01195000     -1.28955400     -0.72272100     -0.79596500      0.23919700      0.03487900      0.06323700     -0.00291100     -0.50547700     -0.32316600      0.80003500      0.72245800     -0.66546100      0.18765500      0.47174900      0.67284700      0.56984900      0.01730900      0.00046400      0.00615800     -4.42567100     -1.64453700     -3.20854300      0.16022700      0.07724300      0.05221100     -0.05129600     -0.60462200      0.45748800     -0.65202500     -0.65160200     -0.75488600      0.07457000     -0.45809000      0.46994700      0.75452100     -0.00169000      0.01802100      0.02047900     -5.23623400      1.58175100      5.52581500     -0.10452500
0.13456000      0.03366600      0.44058700     -0.40303500      0.66707300     -0.62659500     -0.89769400     -0.42135800      0.12874600     -0.17764400      0.61354900      0.76943300     -0.01384700      0.03311700      0.05362200     -1.34122800      1.57055800      1.19381200      0.03997800     -0.11867300      0.04248900      0.41822200      0.54681700      0.29065700      0.78517600     -0.69451200      0.68110800      0.23168900     -0.46811200     -0.67236400      0.57328900      0.03354500      0.00648800      0.01459100     -4.32442200     -1.53624100     -3.18693900      0.24583600      0.03560600      0.06329400     -0.00261700     -0.47836800     -0.38790300      0.78784100      0.78474100     -0.59148900      0.18525900      0.39413800      0.70687300      0.58735300      0.02236700      0.00448100      0.00748600     -0.07558200     -0.28216600     -0.04816300      0.14798000      0.07696400      0.05285800     -0.05027500     -0.52320900      0.60450500     -0.60068600     -0.80370500     -0.58440600      0.11192100     -0.28338900      0.54133300      0.79161000     -0.00686000      0.01696600      0.02697900     -1.30307300      1.64625000      1.22774700     -0.16396300
0.13404200      0.03487900      0.44281300     -0.28080100      0.76787700     -0.57581300     -0.95974100     -0.22916200      0.16233600     -0.00695800      0.59726000      0.80203400     -0.00241300      0.02318600      0.06259000     -1.28629300      1.60997100      0.99081000      0.18022900     -0.11687200      0.04278300      0.41897600      0.52315600      0.35653000      0.77407100     -0.75130100      0.62158300      0.22162000     -0.40277100     -0.69794200      0.59204300      0.04431800      0.01086600      0.01581100     -2.91195400     -0.54187500     -5.31198900      0.30502100      0.03650200      0.06344500     -0.00223800     -0.44888100     -0.44830200      0.77300000      0.83235900     -0.52447300      0.17918100      0.32509100      0.72384500      0.60857400      0.02283100      0.00095600      0.01289000      0.16640100     -0.90324600     -0.34188700      0.18717000      0.07670800      0.05346500     -0.04918200     -0.42157800      0.72335300     -0.54683700     -0.89965600     -0.40915400      0.15235400     -0.11353500      0.55619500      0.82325900     -0.00672600      0.01736800      0.02681200     -4.51835000      2.56590400      5.27316000     -0.05619100
0.13394400      0.03537100      0.44390600     -0.22037600      0.80382800     -0.55257600     -0.97342900     -0.14506700      0.17709600      0.06246200      0.57592200      0.81513100     -0.00307400      0.01885300      0.06089400     -4.03194100      2.22888100      5.26157000      0.22125500     -0.11599500      0.04295900      0.41936000      0.50373500      0.39055100      0.77052800     -0.78289600      0.58327500      0.21632900     -0.36555500     -0.71269700      0.59857800      0.04374000      0.01369700      0.01695700     -4.24553200     -1.69132200     -3.22451100      0.33609600      0.03694100      0.06352900     -0.00204800     -0.42283700     -0.48053200      0.76830700      0.85914300     -0.48224400      0.17121300      0.28823800      0.73248100      0.61675600      0.02268200      0.00167600      0.01318600     -0.26732900     -0.57262900     -0.23287700      0.22456300      0.07666000      0.05372100     -0.04863200     -0.37265000      0.76759700     -0.52146400     -0.92691500     -0.33469400      0.16972300     -0.04425200      0.54660100      0.83622200      0.00408900      0.01305400      0.02463100     -3.25862300      2.12017100      4.27361300      0.02872000
0.13393200      0.03571300      0.44615400     -0.19027900      0.83794100     -0.51156000     -0.97613400     -0.10589600      0.18952100      0.10486600      0.53437200      0.83873500      0.00559800     -0.00657000      0.06496900      0.18844500      1.19230800     -0.47275100      0.17961300     -0.11414100      0.04320200      0.42027600      0.47008200      0.43514600      0.76789500     -0.81764700      0.54218600      0.19344600     -0.33273400     -0.71934000      0.60967200      0.04593200      0.00001200      0.02513000      1.33376300      0.95709100     -1.88000200      0.36804700      0.03786500      0.06366900     -0.00158700     -0.38302800     -0.52265000      0.76165900      0.88955300     -0.43092700      0.15164200      0.24896400      0.73562000      0.62998300      0.02295600      0.00000500      0.01252700      0.10650200     -0.52982000      0.08906800      0.28873700      0.07665400      0.05391700     -0.04750400     -0.34401900      0.80659600     -0.48067900     -0.93891300     -0.29029600      0.18484800      0.00955800      0.51490700      0.85719200      0.00282300      0.00115000      0.02725800     -0.00937700      0.72826000     -0.77895000      0.07052200
