0.10238600      0.01728100      0.45044100     -0.14172200      0.87488800     -0.46317400     -0.96870400     -0.21882400     -0.11704500     -0.20358700      0.43100300      0.87910000     -0.00928800      0.00412700      0.01649000     -0.04778400      0.08081100     -0.20857700      0.26459600     -0.12235000      0.02143000      0.40471500      0.51281900      0.66157100      0.54711200     -0.82177800      0.56255900      0.09022900     -0.24871700     -0.49670800      0.83143500     -0.01254500      0.00084800      0.00127900     -0.00204500      0.01520500     -0.02924500      0.26682100      0.03378300      0.05278100     -0.00936000     -0.39995100     -0.74436400      0.53475200      0.89329200     -0.44714700      0.04569000      0.20510300      0.49596400      0.84377200     -0.00564000     -0.00401900      0.00569400     -0.03791100      0.01916000     -0.05081100      0.18455700      0.06088100      0.04467200     -0.04535100     -0.30407000      0.85048800     -0.42919700     -0.91213500     -0.38990700     -0.12641800     -0.27486400      0.35304600      0.89431900     -0.01047000      0.00335300      0.00907800     -0.03566300      0.03466100     -0.04929200      0.15396400
0.10191900      0.01750600      0.45090200     -0.14367700      0.87493600     -0.46248300     -0.96863000     -0.22001200     -0.11542000     -0.20256600      0.43030300      0.87967800     -0.02245600      0.00070900      0.01572000     -0.03755800      0.04356100     -0.07657700      0.28685800     -0.12256000      0.02146400      0.40482300      0.51241000      0.66171600      0.54732000     -0.82205500      0.56216500      0.09016800     -0.24864500     -0.49696200      0.83130500      0.00098600     -0.00705300      0.01105400     -0.03587500      0.00394600     -0.02164400      0.25541500      0.03367700      0.05279800     -0.00931100     -0.39951800     -0.74445600      0.53494800      0.89350500     -0.44672900      0.04561400      0.20501900      0.49620300      0.84365200     -0.00014800      0.00093400      0.00048400      0.00001600     -0.00000400      0.00004800      0.16953500      0.06064700      0.04479800     -0.04511000     -0.30615600      0.85010500     -0.42847200     -0.91179300     -0.39124400     -0.12473900     -0.27367800      0.35248900      0.89490200     -0.01129100      0.00014600      0.00778600     -0.03756200      0.04357500     -0.07661400      0.17764100
0.10169700      0.01746900      0.45116600     -0.14433000      0.87500300     -0.46215200     -0.96868100     -0.22023400     -0.11456900     -0.20185800      0.43005300      0.87996300     -0.01102200     -0.00258900      0.01377600     -0.03465600      0.02008100     -0.01963500      0.29054300     -0.12264100      0.02143800      0.40488200      0.51189500      0.66364200      0.54546700     -0.82248300      0.56179400      0.08856600     -0.24829000     -0.49480800      0.83269400     -0.00019500      0.00125700      0.00064800      0.00578100     -0.01168500     -0.00536200      0.25259400      0.03363200      0.05278400     -0.00927700     -0.39876200     -0.74639800      0.53280100      0.89384300     -0.44622700      0.04385800      0.20501500      0.49373000      0.84510200     -0.00010500      0.00066400      0.00034500     -0.00885700      0.01288800      0.00227500      0.16381900      0.06053500      0.04477700     -0.04497800     -0.30680800      0.85003700     -0.42814000     -0.91179700     -0.39150300     -0.12389700     -0.27293500      0.35236400      0.89517800     -0.00558900     -0.00156300      0.00678600     -0.03466800      0.02007300     -0.01968000      0.18694900
0.10128200      0.01713900      0.45169400     -0.14633000      0.87509300     -0.46135100     -0.96874500     -0.22112600     -0.11228500     -0.20010200      0.42941200      0.88067700     -0.00101400     -0.01129500      0.00966300     -0.03559300      0.01413900     -0.01745800      0.28993000     -0.12276300      0.02131700      0.40504900      0.51153700      0.66380600      0.54560300     -0.82282200      0.56125900      0.08880400     -0.24790100     -0.49519500      0.83258000      0.00110300     -0.00781600      0.01066400     -0.03438700     -0.00741700      0.00479800      0.25024800      0.03357100      0.05272300     -0.00919900     -0.39839500     -0.74635700      0.53313300      0.89411000     -0.44565400      0.04425200      0.20456500      0.49431000      0.84487200     -0.00609600     -0.00071000      0.00005500     -0.00237500      0.01592000     -0.02892600      0.15794100      0.06032900      0.04461900     -0.04471700     -0.30877000      0.84972700     -0.42734500     -0.91167700     -0.39247600     -0.12167800     -0.27111600      0.35203100      0.89586200     -0.00664700     -0.00928900      0.01078800     -0.07412500      0.05174200     -0.09190400      0.19380700
0.10085700      0.01663200      0.45227800     -0.14700700      0.87626100     -0.45891100     -0.96843800     -0.22185000     -0.11349600     -0.20108700      0.42665200      0.88179300     -0.01336700     -0.01884800      0.02146900     -0.06883900      0.06674500     -0.08747700      0.28373100     -0.12285700      0.02118000      0.40531700      0.51059300      0.66765600      0.54177700     -0.82375200      0.56032600      0.08603500     -0.24675400     -0.49105800      0.83536700      0.00093200     -0.00671700      0.01123200      0.07181800     -0.21432000     -0.12142900      0.24659100      0.03352500      0.05265300     -0.00906600     -0.39725000     -0.74945700      0.52962600      0.89472800     -0.44463800      0.04190500      0.20408700      0.49051900      0.84719400      0.00039900     -0.00295800      0.00582400      0.13937600     -0.33756100     -0.16739100      0.15336900      0.06012000      0.04436500     -0.04443100     -0.30957600      0.85080200     -0.42461400     -0.91125200     -0.39301500     -0.12311400     -0.27162600      0.34881800      0.89696300     -0.00638700     -0.00454700      0.00559600     -0.04297800      0.01720700     -0.05178300      0.19086800
0.10031200      0.01618500      0.45299000     -0.14703900      0.87882500     -0.45397200     -0.96815400     -0.22182100     -0.11595200     -0.20242700      0.42137200      0.88402300     -0.01229300     -0.01474300      0.02314200     -0.05168700      0.09942000     -0.04785200      0.27194400     -0.12289700      0.02105600      0.40569800      0.51013400      0.66962500      0.53977500     -0.82438100      0.55952900      0.08519300     -0.24559600     -0.48928200      0.83674900     -0.00076400      0.00494300      0.00253900      0.01450700     -0.03773800      0.01441600      0.24864500      0.03350500      0.05258600     -0.00887300     -0.39635600     -0.75192500      0.52679100      0.89531800     -0.44358200      0.04048000      0.20323800      0.48769100      0.84902900      0.00038200     -0.00284800      0.00588100     -0.03902700      0.00453500     -0.02567900      0.15222600      0.05984500      0.04413100     -0.04407900     -0.31005400      0.85317100     -0.41948100     -0.91098200     -0.39284100     -0.12564700     -0.27198800      0.34318300      0.89902500     -0.00612700     -0.00726200      0.01162400     -0.06641900      0.07278200     -0.05848800      0.17943700
0.09997700      0.01594000      0.45343200     -0.14137400      0.88249200     -0.44862800     -0.96955200     -0.21489600     -0.11730700     -0.19976300      0.41728600      0.88656300     -0.02403600     -0.01250000      0.02468200     -0.02559700      0.19262100     -0.05523500      0.27604300     -0.12293800      0.02100900      0.40585300      0.50998800      0.66971200      0.53980600     -0.82457300      0.55920500      0.08545800     -0.24525400     -0.48953400      0.83670200     -0.00054100      0.00350700      0.00180000      0.00019000     -0.00038600     -0.00017600      0.25106300      0.03348400      0.05256600     -0.00879300     -0.39622600     -0.75184000      0.52701100      0.89547000     -0.44323500      0.04092300      0.20282200      0.48813800      0.84887200      0.00037200     -0.00278500      0.00591200     -0.04001300      0.01128700     -0.01911500      0.15402200      0.05968300      0.04401000     -0.04385800     -0.30511300      0.85760400     -0.41402800     -0.91366900     -0.38621400     -0.12667300     -0.26853900      0.33963600      0.90140600     -0.00618400     -0.00746000      0.01155100     -0.01201500      0.11668300      0.16230400      0.17682500
0.09933700      0.01513100      0.45455900     -0.11986500      0.89288500     -0.43409000     -0.97334100     -0.19174400     -0.12575400     -0.19537700      0.40633300      0.89260800     -0.01312800     -0.01774600      0.02197900      0.05275500      0.30413000      0.21688500      0.28752500     -0.12310900      0.02102200      0.40607000      0.50976300      0.66981700      0.53988800     -0.82482000      0.55879900      0.08573000     -0.24488800     -0.48985500      0.83662100     -0.01287300      0.00310500      0.00242400     -0.00056500      0.00391300     -0.00277400      0.25209700      0.03340400      0.05257000     -0.00868600     -0.39600400     -0.75186700      0.52713900      0.89566200     -0.44281600      0.04125300      0.20240900      0.48847500      0.84877600     -0.00031400      0.00201900      0.00103600      0.00004200      0.00015100      0.00024700      0.15728800      0.05936500      0.04362200     -0.04330300     -0.28597700      0.87100100     -0.39946600     -0.92167000     -0.36408500     -0.13403400     -0.26218400      0.32984500      0.90689500     -0.00666800     -0.01293000      0.01649000      0.06736400      0.48327100      0.25649100      0.18596900
0.09898900      0.01411600      0.45569500     -0.10861700      0.90180300     -0.41832800     -0.97334100     -0.18192400     -0.13958200     -0.20185200      0.39089300      0.89804600     -0.00195500     -0.02954300      0.03089800      0.06877500      0.45953200      0.27038000      0.28666900     -0.12336300      0.02116700      0.40615900      0.50941100      0.66992000      0.54009300     -0.82501300      0.55854000      0.08555600     -0.24497000     -0.49001000      0.83650700     -0.01279300      0.00265300      0.00218800     -0.00204500      0.01520500     -0.02924500      0.25218600      0.03327100      0.05264600     -0.00864000     -0.39563800     -0.75192300      0.52733300      0.89581000     -0.44253300      0.04108400      0.20247000      0.48864500      0.84866400     -0.00640600      0.00137200      0.00112000     -0.00196400      0.01521900     -0.02911300      0.15810400      0.05918200      0.04310700     -0.04272800     -0.27644300      0.88114100     -0.38362500     -0.92359200     -0.35392100     -0.14736600     -0.26562400      0.31357500      0.91165400     -0.00693100     -0.01385100      0.01613700      0.13137400      0.59278800      0.44893100      0.19266400
0.09886800      0.01361300      0.45626700     -0.09617800      0.90621300     -0.41179200     -0.97447800     -0.16996100     -0.14655500     -0.20268700      0.38605900      0.89994600     -0.01297300     -0.01707000      0.02230000      0.03629200      0.26793300      0.20400900      0.27893300     -0.12353300      0.02124300      0.40617600      0.50902800      0.67003700      0.54030800     -0.82520500      0.55829700      0.08529800     -0.24512200     -0.49012700      0.83639400     -0.00060200      0.00394500      0.00201600     -0.00874700      0.06665000     -0.15620800      0.25212600      0.03318700      0.05268500     -0.00863100     -0.39523800     -0.75199300      0.52753400      0.89595700     -0.44226000      0.04083100      0.20260300      0.48878600      0.84855100     -0.00028600      0.00187300      0.00096200     -0.00867500      0.06664300     -0.15610600      0.15761400      0.05912400      0.04284800     -0.04243900     -0.26498800      0.88791700     -0.37600800     -0.92696500     -0.34196400     -0.15425400     -0.26554700      0.30767100      0.91368600     -0.00087400     -0.01431900      0.01564800      0.02974200      0.16594300      0.59590100      0.18858200
0.09870000      0.01274100      0.45740200     -0.07603400      0.91546200     -0.39521400     -0.97574500     -0.14984300     -0.15950400     -0.20515400      0.37236100      0.90514500     -0.00021700     -0.01569300      0.02226100      0.07397100      0.27892500      0.44546600      0.25699800     -0.12391800      0.02127200      0.40618400      0.50810600      0.67032700      0.54081600     -0.82569300      0.55765500      0.08476700     -0.24538800     -0.49046100      0.83612000     -0.01219400     -0.00122100      0.00020600     -0.00204500      0.01520500     -0.02924500      0.25135300      0.03299800      0.05270300     -0.00862500     -0.39429500     -0.75216600      0.52799300      0.89632500     -0.44155900      0.04032200      0.20281200      0.48915300      0.84829000     -0.00608700     -0.00067900      0.00007300     -0.00201800      0.01521200     -0.02916400      0.15630800      0.05903400      0.04241600     -0.04188600     -0.24723500      0.89965400     -0.35985600     -0.93192200     -0.32247200     -0.16592800     -0.26532200      0.29433500      0.91813400     -0.00587000     -0.00618400      0.01211700      0.14207900      0.49503100      0.50226200      0.16882300
0.09849900      0.01226300      0.45830300     -0.05966600      0.92092600     -0.38520200     -0.97713400     -0.13270200     -0.16604300     -0.20396500      0.36534200      0.90826800     -0.01070700     -0.00123200      0.01443600      0.02270100      0.10288300      0.20858000      0.23599900     -0.12427400      0.02123500      0.40617900      0.50745000      0.67052400      0.54118700     -0.82604600      0.55718600      0.08441800     -0.24555800     -0.49072600      0.83591400     -0.01210800     -0.00178400     -0.00008100     -0.00204500      0.01520500     -0.02924500      0.25152600      0.03282000      0.05268200     -0.00862900     -0.39360900     -0.75228200      0.52833900      0.89659700     -0.44103800      0.03998300      0.20293900      0.48944500      0.84809100      0.00000700     -0.00006100     -0.00002600      0.00000900      0.00000600      0.00004900      0.15549200      0.05893700      0.04216200     -0.04142000     -0.23174600      0.90806600     -0.34886700     -0.93659700     -0.30518000     -0.17218900     -0.26282700      0.28684400      0.92121700     -0.00561000     -0.00523000      0.01251600     -0.00605400      0.04814900      0.34668400      0.13649200
0.09823700      0.01197000      0.45915700     -0.05490700      0.92267700     -0.38170300     -0.97817600     -0.12635300     -0.16485800     -0.20027900      0.36317400      0.90995600     -0.01073900     -0.00881200      0.02569800     -0.05544900     -0.02136300      0.15339700      0.23624000     -0.12460400      0.02120900      0.40617800      0.50835000      0.67073200      0.54008500     -0.82617200      0.55668000      0.08649900     -0.24325800     -0.49101700      0.83641500     -0.01212300     -0.00167600     -0.00002600     -0.00204500      0.01520500     -0.02924500      0.25161100      0.03265500      0.05266900     -0.00863000     -0.39451800     -0.75257200      0.52724700      0.89671800     -0.44059400      0.04209100      0.20062600      0.48939700      0.84866800     -0.00000400      0.00003000      0.00002300      0.00116000      0.00090200     -0.00073300      0.15532800      0.05880700      0.04202100     -0.04099600     -0.22738900      0.91036200     -0.34573600     -0.93878600     -0.29928400     -0.17061500     -0.25879500      0.28577600      0.92268900      0.00053200     -0.00172100      0.00646300     -0.02261100     -0.05218500      0.17026400      0.12440800
0.09813600      0.01188300      0.45950400     -0.05523000      0.92306000     -0.38072900     -0.97885500     -0.12519800     -0.16168100     -0.19684800      0.36260000      0.91093300     -0.01040200     -0.00014100      0.01488000     -0.03453300      0.02050200     -0.01945700      0.23646700     -0.12475100      0.02119600      0.40617000      0.50802900      0.67083000      0.54026400     -0.82634100      0.55645600      0.08631500     -0.24335100     -0.49113700      0.83631800     -0.00000000      0.00000100      0.00000100      0.00000000     -0.00000000     -0.00000000      0.25133400      0.03258200      0.05266100     -0.00863400     -0.39417500     -0.75263100      0.52741900      0.89685000     -0.44034300      0.04190100      0.20071000      0.48953300      0.84857000      0.00000300     -0.00002000     -0.00000400      0.00016400      0.00013700     -0.00007700      0.15516500      0.05875700      0.04198000     -0.04082700     -0.22761700      0.91064500     -0.34484000     -0.93967800     -0.29827800     -0.16743600     -0.25533400      0.28592700      0.92360700     -0.00520200     -0.00002400      0.00746300     -0.03157500      0.01775800     -0.01890700      0.12424500
0.09802900      0.01182700      0.46002700     -0.03922700      0.92404600     -0.38032300     -0.98115700     -0.10760600     -0.16038400     -0.18908600      0.36571600      0.91133200     -0.01036900     -0.00004500      0.01491800     -0.03667900      0.02857400     -0.04702600      0.21808100     -0.12497900      0.02116900      0.40613900      0.50751300      0.67098600      0.54055500     -0.82660600      0.55611400      0.08599000     -0.24353200     -0.49131100      0.83616300     -0.01188000     -0.00331900     -0.00086400     -0.00353600      0.02650400     -0.05571300      0.25068000      0.03246800      0.05265100     -0.00864800     -0.39365100     -0.75272100      0.52768300      0.89704700     -0.43997300      0.04159000      0.20086000      0.48972900      0.84842100     -0.00000000     -0.00000100      0.00000400      0.00000900      0.00001200      0.00002400      0.15483800      0.05870400      0.04194900     -0.04055600     -0.21201600      0.91457400     -0.34438600     -0.94521400     -0.28141800     -0.16544600     -0.24822900      0.29044100      0.92413400      0.00081200     -0.00071600      0.00686700     -0.03280900      0.00551700      0.00969600      0.11624400
0.09796200      0.01176700      0.46056700     -0.03538000      0.92441800     -0.37979500     -0.98199500     -0.10264600     -0.15850200     -0.18547100      0.36619900      0.91188100     -0.01010900      0.00088100      0.01528600     -0.03452300      0.02053600     -0.01944200      0.20343200     -0.12508500      0.02113700      0.40613100      0.50722500      0.67107900      0.54071000     -0.82676400      0.55590100      0.08584400     -0.24359300     -0.49142600      0.83607800      0.00004000     -0.00027200     -0.00013900      0.00000000     -0.00000000     -0.00000000      0.24500600      0.03241000      0.05263100     -0.00865400     -0.39330700     -0.75278600      0.52784500      0.89718700     -0.43970300      0.04142800      0.20090800      0.48987000      0.84832900      0.00002300     -0.00016000     -0.00008000      0.00001500      0.00000400      0.00000500      0.15124600      0.05866900      0.04191700     -0.04028700     -0.20832000      0.91562800     -0.34384000     -0.94693800     -0.27679500     -0.16337400     -0.24476400      0.29156200      0.92470600      0.00054000     -0.00544800      0.01212200     -0.08388400      0.07510600     -0.19836200      0.09191400
0.09790600      0.01171000      0.46085900     -0.03602000      0.92450600     -0.37952200     -0.98211800     -0.10289200     -0.15757000     -0.18468700      0.36591000      0.91215500      0.00112500     -0.00333200      0.01296500     -0.03570000      0.01383300     -0.01748500      0.19386600     -0.12508300      0.02112200      0.40612300      0.51115300      0.66807800      0.54072700     -0.82347900      0.56075900      0.08582400     -0.24650500     -0.48998700      0.83606900      0.00008200     -0.00055300     -0.00028200      0.00000200      0.00000000      0.00000200      0.24298000      0.03241200      0.05262300     -0.00865800     -0.39761200     -0.75034900      0.52809000      0.89458900     -0.44497500      0.04130400      0.20399500      0.48884700      0.84818200      0.00004200     -0.00028300     -0.00014100     -0.00021700     -0.00041100      0.00000600      0.14765400      0.05863900      0.04189400     -0.04013800     -0.20897500      0.91558400     -0.34356100     -0.94700600     -0.27710500     -0.16245200     -0.24394100      0.29140600      0.92497200      0.00066500     -0.00126000      0.00664800     -0.03338600      0.00591800      0.00965500      0.08211600
0.09770400      0.01164000      0.46145700     -0.03829200      0.92498100     -0.37813900     -0.98280200     -0.10319500     -0.15304700     -0.18054800      0.36462500      0.91349800      0.00170900     -0.00121200      0.01380800     -0.03352600      0.00586100      0.01012800      0.16974200     -0.12503800      0.02106500      0.40610200      0.51096600      0.66815600      0.54080800     -0.82359200      0.56060500      0.08574400     -0.24651300     -0.49005800      0.83602500      0.00016800     -0.00113400     -0.00057900      0.00000000      0.00000000      0.00000000      0.23811400      0.03243400      0.05260000     -0.00867100     -0.39742800     -0.75040100      0.52815600      0.89466700     -0.44482600      0.04121500      0.20401000      0.48890500      0.84814500      0.00012300     -0.00083500     -0.00042600     -0.00004000      0.00000400     -0.00008800      0.14324500      0.05854000      0.04185300     -0.03984700     -0.21131200      0.91557100     -0.34216300     -0.94758800     -0.27772500     -0.15793500     -0.23962800      0.29085700      0.92627100      0.00069300     -0.00116400      0.00668600     -0.03243100      0.01264500     -0.01684900      0.05305000
0.09750500      0.01172100      0.46197500     -0.03691000      0.92622800     -0.37521300     -0.98484200     -0.09731300     -0.14348300     -0.16937300      0.36307800      0.91625000      0.00235400      0.00856200      0.00339000     -0.01294300      0.04680800     -0.16299000      0.14670900     -0.12500000      0.02100000      0.40606700      0.51086200      0.66819800      0.54085300     -0.82365100      0.56052600      0.08568800     -0.24653000     -0.49008900      0.83600200      0.00025300     -0.00171000     -0.00087400      0.00000000      0.00000000      0.00000000      0.23045800      0.03245300      0.05256300     -0.00868500     -0.39730100     -0.75043700      0.52820000      0.89472700     -0.44471100      0.04117400      0.20399800      0.48895300      0.84812000      0.00015600     -0.00105600     -0.00054100     -0.00003900     -0.00000600     -0.00004800      0.13459000      0.05843700      0.04189400     -0.03957700     -0.21017800      0.91694800     -0.33916100     -0.95064400     -0.27267000     -0.14807200     -0.22825300      0.29130000      0.92900100      0.00118600      0.00434200      0.00172200     -0.00594200      0.04419000     -0.16131800      0.02235200
0.09734700      0.01181200      0.46223700     -0.03971200      0.92689600     -0.37327100     -0.98571200     -0.09745900     -0.13728100     -0.16358200      0.36133300      0.91799000     -0.00935300      0.00351800      0.01631800     -0.04970800      0.07528400     -0.21004600      0.14020700     -0.12497500      0.02095600      0.40604300      0.51079300      0.66822700      0.54088300     -0.82369100      0.56047400      0.08565000     -0.24654100     -0.49011000      0.83598600      0.00028700     -0.00193900     -0.00099100      0.00000000      0.00000000      0.00000000      0.22831700      0.03246500      0.05254100     -0.00869700     -0.39722700     -0.75045700      0.52822700      0.89475800     -0.44465200      0.04113700      0.20400500      0.48897600      0.84810500      0.00017700     -0.00118900     -0.00060900     -0.00003100     -0.00001400     -0.00004500      0.13181400      0.05836200      0.04193800     -0.03945300     -0.21288900      0.91703800     -0.33722100     -0.95146000     -0.27307900     -0.14195000     -0.22226200      0.29063300      0.93066100     -0.00469200      0.00172900      0.00815200     -0.02580800      0.01733100     -0.01716900      0.00765600
0.09697800      0.01179100      0.46296000     -0.04358700      0.92744000     -0.37148500     -0.98628700     -0.09911200     -0.13185900     -0.15906400      0.35949000      0.91950700     -0.01027400     -0.00729900      0.02632600     -0.07019300      0.03450000     -0.03684500      0.14719500     -0.12495400      0.02087900      0.40599200      0.51062600      0.66828900      0.54096400     -0.82377900      0.56036200      0.08553900     -0.24659500     -0.49015400      0.83594500      0.00023400     -0.00157700     -0.00080700      0.00000000      0.00000000      0.00000000      0.22083500      0.03247600      0.05250000     -0.00872400     -0.39704800     -0.75050000      0.52830100      0.89482700     -0.44452300      0.04102900      0.20405000      0.48902900      0.84806400      0.00011500     -0.00077000     -0.00039200     -0.00002400     -0.00000800     -0.00002700      0.12267000      0.05817500      0.04193300     -0.03908300     -0.21692700      0.91675500     -0.33541300     -0.95164700     -0.27515600     -0.13658500     -0.21750600      0.28956600      0.93211700     -0.00517300     -0.00374800      0.01313000     -0.06939200      0.03422100     -0.03688900      0.00341000
0.09669200      0.01141300      0.46382500     -0.02963600      0.92840000     -0.37045900     -0.98821000     -0.08282400     -0.12865200     -0.15009400      0.36112400      0.92037400     -0.01150800     -0.01175600      0.02459100     -0.07392200      0.04180100     -0.06077200      0.13812400     -0.12496400      0.02082200      0.40597500      0.51058600      0.66830400      0.54098300     -0.82380700      0.56031900      0.08554100     -0.24658000     -0.49018200      0.83593200      0.00001900     -0.00012700     -0.00006500      0.00000000      0.00000000      0.00000000      0.21958000      0.03247100      0.05247400     -0.00873700     -0.39702100     -0.75050400      0.52831500      0.89483800     -0.44450100      0.04101700      0.20405300      0.48904100      0.84805600      0.00000100     -0.00000400      0.00000000     -0.00001000     -0.00000200     -0.00001800      0.11793500      0.05804100      0.04175700     -0.03866800     -0.20326700      0.92025700     -0.33437800     -0.95653800     -0.25956600     -0.13288800     -0.20908400      0.29283300      0.93302200      0.00001600     -0.00361500      0.00572500     -0.05157900      0.00761400      0.02362100     -0.00263200
0.09644000      0.01111200      0.46449300     -0.02013200      0.92895500     -0.36970700     -0.98937600     -0.07167800     -0.12637100     -0.14387600      0.36208000      0.92099100     -0.01095000     -0.00231500      0.01403200     -0.03675400      0.02848500     -0.04691600      0.09369900     -0.12500200      0.02082400      0.40596800      0.51446500      0.66528900      0.54102500     -0.82050700      0.56515000      0.08548500     -0.24951700     -0.48873000      0.83591100     -0.00001200      0.00008300      0.00004200      0.00000000      0.00000000      0.00000000      0.21778900      0.03245200      0.05247300     -0.00873600     -0.40126200     -0.74805500      0.52858400      0.89223400     -0.44971800      0.04087300      0.20713900      0.48802100      0.84789500     -0.00001200      0.00008100      0.00004300     -0.00007900     -0.00004600     -0.00010000      0.11597500      0.05791000      0.04159200     -0.03832300     -0.19404100      0.92253900     -0.33356700     -0.95974900     -0.24890900     -0.13010000     -0.20305100      0.29489600      0.93370500      0.00029000     -0.00635700      0.01178900     -0.06850500      0.01958700     -0.00764300     -0.03218700
0.09627800      0.01108400      0.46477100     -0.00899300      0.92893400     -0.37019600     -0.98988800     -0.06059300     -0.12814300     -0.14146400      0.36414500      0.92055000     -0.01041600     -0.00041100      0.01477900     -0.03820700      0.02798400     -0.04330300      0.06630600     -0.12502100      0.02082900      0.40596100      0.51443700      0.66529500      0.54104400     -0.82051500      0.56514300      0.08544900     -0.24954700     -0.48873000      0.83590200     -0.00000000      0.00000100      0.00000100      0.00000000      0.00000000      0.00000000      0.21668500      0.03244300      0.05247600     -0.00873900     -0.40123200     -0.74805900      0.52860100      0.89224100     -0.44970700      0.04083800      0.20716700      0.48802600      0.84788600     -0.00000200      0.00001400      0.00000700     -0.00005800     -0.00000200     -0.00009000      0.11434200      0.05782700      0.04157500     -0.03818500     -0.18306900      0.92460600     -0.33404800     -0.96231900     -0.23803200     -0.13146200     -0.20106500      0.29739400      0.93334200     -0.00505000      0.00039100      0.00763000     -0.03986100      0.01928900     -0.00821100     -0.06843800
0.09608600      0.01130700      0.46523900      0.00086300      0.92917400     -0.36970200     -0.99066500     -0.04951300     -0.12689800     -0.13622400      0.36520500      0.92092100      0.00326600      0.01168400      0.00455700      0.00227300     -0.00771500      0.02767300      0.05592800     -0.12506500      0.02081400      0.40594500      0.51431100      0.66533600      0.54111400     -0.82057900      0.56506300      0.08536300     -0.24959700     -0.48876700      0.83586500      0.00012600     -0.00085400     -0.00043700      0.00000000      0.00000000      0.00000000      0.21259000      0.03242000      0.05247000     -0.00874600     -0.40109500     -0.74808600      0.52866700      0.89229300     -0.44961200      0.04075400      0.20720800      0.48807200      0.84784900      0.00007100     -0.00047200     -0.00024000     -0.00003300     -0.00000500     -0.00005100      0.11107600      0.05772600      0.04168100     -0.03794800     -0.17346100      0.92664700     -0.33351800     -0.96512600     -0.22736400     -0.12975100     -0.19606400      0.29938000      0.93377100      0.00170400      0.00612000      0.00239200      0.00283200     -0.00765800      0.02663600     -0.11203600
0.09611000      0.01173000      0.46552700      0.03277900      0.92898800     -0.36871800     -0.99218200     -0.01410500     -0.12388700     -0.12033900      0.36874200      0.92172400      0.00358900      0.01283900      0.00497900     -0.05050500     -0.03391500      0.19298500      0.05471200     -0.12509200      0.02081000      0.40593400      0.51424300      0.66535500      0.54115300     -0.82061000      0.56502700      0.08530800     -0.24963500     -0.48878200      0.83584500      0.00000500     -0.00003200     -0.00001600      0.00000000      0.00000000      0.00000000      0.20871900      0.03240700      0.05246700     -0.00875300     -0.40102300     -0.74809800      0.52870400      0.89231700     -0.44956900      0.04069900      0.20724200      0.48809300      0.84782900      0.00000100     -0.00000100      0.00000100     -0.00002600     -0.00000600     -0.00004000      0.10519800      0.05773700      0.04189100     -0.03780400     -0.14217700      0.93232800     -0.33249000     -0.97313600     -0.19310500     -0.12535800     -0.18108000      0.30573500      0.93473700      0.00160400      0.00574300      0.00223100     -0.18109900     -0.07113300      0.48998200     -0.12052700
0.09613800      0.01196400      0.46555500      0.05354900      0.92836500     -0.36785400     -0.99257000      0.00928600     -0.12119800     -0.10917400      0.37045700      0.92242600      0.00262500      0.01681400     -0.00773500     -0.01929100     -0.03192900      0.15542100      0.05081800     -0.12511000      0.02080700      0.40593400      0.51420200      0.66536900      0.54117600     -0.82063300      0.56499600      0.08528700     -0.24964400     -0.48879900      0.83583300      0.00000000     -0.00000000     -0.00000000      0.00000000      0.00000000      0.00000000      0.20811000      0.03239800      0.05246500     -0.00875300     -0.40098000     -0.74810700      0.52872500      0.89233500     -0.44953500      0.04067800      0.20724900      0.48811100      0.84781700      0.00000000      0.00001100      0.00000700     -0.00003700     -0.00001300     -0.00003600      0.10307500      0.05775400      0.04201600     -0.03778200     -0.12156900      0.93554700     -0.33162100     -0.97785300     -0.17022500     -0.12175700     -0.17036000      0.30947500      0.93552200      0.00137200      0.00490700      0.00190000     -0.17954600     -0.07033700      0.49103000     -0.12428300
0.09626100      0.01224900      0.46544700      0.09999400      0.92695700     -0.36166000     -0.99250700      0.06741800     -0.10176500     -0.07008200      0.36797400      0.92720600      0.01236700      0.00013300     -0.00062500     -3.04080900      0.79530800      0.76645600      0.06344100     -0.12514800      0.02080900      0.40592600      0.51413300      0.66538900      0.54121800     -0.82066500      0.56495900      0.08523100     -0.24968300     -0.48881500      0.83581200      0.00000000     -0.00000000     -0.00000000      0.00000000      0.00000000      0.00000000      0.20777600      0.03237900      0.05246700     -0.00875600     -0.40090700     -0.74811800      0.52876300      0.89235900     -0.44949200      0.04062300      0.20728400      0.48813400      0.84779500      0.00000300      0.00000500      0.00000700     -0.00003300     -0.00001100     -0.00003800      0.10193200      0.05781300      0.04216800     -0.03783700     -0.07606300      0.94220400     -0.32629000     -0.98798300     -0.11537400     -0.10284500     -0.13454600      0.31454700      0.93965700      0.00002300      0.00027500      0.00006700     -2.01627300     -0.52677200      4.97731600     -0.12363000
0.09654500      0.01228900      0.46528600      0.12405200      0.92750200     -0.35269900     -0.99171900      0.10424300     -0.07482900     -0.03279900      0.35790900      0.93319500      0.01160900     -0.00257900     -0.00167100     -2.62503600      1.00333400     -0.53451700      0.08408300     -0.12516800      0.02082200      0.40593400      0.51412800      0.66538800      0.54122300     -0.82066700      0.56495600      0.08522900     -0.24968500     -0.48882000      0.83580800     -0.00002400      0.00016600      0.00008500      0.00000000      0.00000000      0.00000000      0.20341100      0.03236900      0.05247300     -0.00875200     -0.40090100     -0.74811800      0.52876900      0.89236200     -0.44948700      0.04062200      0.20728500      0.48813900      0.84779300     -0.00001300      0.00009500      0.00005000     -0.00001500     -0.00000000     -0.00003500      0.09866600      0.05795400      0.04218600     -0.03791800     -0.05112200      0.94692800     -0.31735100     -0.99411400     -0.07864000     -0.07450700     -0.09551000      0.31167400      0.94537500      0.00009600      0.00405100     -0.00555200     -0.57511500     -0.04428300      1.19829200     -0.10044300
0.09665700      0.01232700      0.46510200      0.14290800      0.92825000     -0.34347300     -0.98971500      0.13379200     -0.05036600     -0.00098400      0.34598500      0.93825400     -0.00028200     -0.00101600     -0.00039300     -2.45514700      1.14043000     -1.21068500      0.09203500     -0.12515300      0.02084000      0.40594200      0.51420600      0.66536000      0.54118300     -0.82062300      0.56501400      0.08527000     -0.24966900     -0.48879000      0.83583000     -0.00000300      0.00002000      0.00001000      0.00000000      0.00000000      0.00000000      0.20247100      0.03237700      0.05248300     -0.00874800     -0.40098300     -0.74810000      0.52873200      0.89232800     -0.44955100      0.04066100      0.20727300      0.48810700      0.84781400      0.00000100     -0.00001100     -0.00000600     -0.00001100      0.00000000     -0.00002300      0.09572700      0.05801400      0.04220200     -0.03801200     -0.03294400      0.95099500     -0.30744500     -0.99765300     -0.04976100     -0.04702000     -0.06001500      0.30517500      0.95040200     -0.00015000     -0.00057700     -0.00022800     -2.44292200      1.13673200     -1.20873700     -0.08215400
0.09664300      0.01237900      0.46498400      0.15010100      0.92712500     -0.34344300     -0.98860700      0.14398000     -0.04354700      0.00888100      0.34491500      0.93860600     -0.00046200     -0.00166300     -0.00064300     -0.04330400      0.07275300     -0.39012000      0.09886400     -0.12514400      0.02084200      0.40595400      0.51803600      0.66234700      0.54122700     -0.81732900      0.56977400      0.08523600     -0.25255400     -0.48734900      0.83580500     -0.00001000      0.00007100      0.00003600      0.00000000      0.00000000      0.00000000      0.20252800      0.03238100      0.05248400     -0.00874200     -0.40519000     -0.74563900      0.52900100      0.88970800     -0.45472600      0.04052700      0.21033200      0.48707800      0.84765200     -0.00000400      0.00002500      0.00001200     -0.00021500     -0.00037800     -0.00003300      0.09523700      0.05800700      0.04222800     -0.03807100     -0.02569100      0.95119200     -0.30752700     -0.99845500     -0.03957500     -0.03899500     -0.04926200      0.30605000      0.95073900     -0.00029200     -0.00107900     -0.00041600     -0.02358700      0.09448100     -0.38668500     -0.07676600
0.09688600      0.01229200      0.46493500      0.16018300      0.92536800     -0.34362800     -0.98688100      0.15691800     -0.03762100      0.01890200      0.34399800      0.93879500      0.01122900     -0.01138900      0.00915500     -0.09580200     -0.07291000     -0.21022100      0.10644100     -0.12517300      0.02085300      0.40593900      0.51800100      0.66235300      0.54125300     -0.81733400      0.56977600      0.08517700     -0.25260900     -0.48734000      0.83579400     -0.00138300      0.00980900     -0.00965000      0.03591100     -0.00410200      0.02155500      0.20201700      0.03236700      0.05248500     -0.00874600     -0.40513700     -0.74565000      0.52902700      0.88972600     -0.45469500      0.04048400      0.21035900      0.48709000      0.84763800     -0.00000300     -0.00000900     -0.00000700     -0.00004700     -0.00000600     -0.00008700      0.09442100      0.05811900      0.04218600     -0.03809900     -0.01541400      0.95146900     -0.30735800     -0.99910000     -0.02680000     -0.03286000     -0.03950200      0.30657500      0.95102600      0.00573300     -0.00155900     -0.00094000     -0.08650200     -0.16343500     -0.21264900     -0.06321300
0.09752700      0.01216700      0.46484900      0.16938300      0.92375500     -0.34355700     -0.98525100      0.16702900     -0.03680200      0.02317000      0.34357700      0.93885300      0.01207600     -0.00088900     -0.00101400      0.00321600     -0.02250100      0.05721000      0.10588900     -0.12525000      0.02087200      0.40591000      0.51789100      0.66237700      0.54132900     -0.81736700      0.56974900      0.08503700     -0.25272800     -0.48733700      0.83575900      0.00002300     -0.00015600     -0.00008000      0.00000000      0.00000000      0.00000000      0.20184600      0.03232800      0.05249800     -0.00876400     -0.40503400     -0.74565800      0.52909500      0.88974000     -0.45468100      0.04033000      0.21049700      0.48709200      0.84760300      0.00001500     -0.00010500     -0.00005300     -0.00004300     -0.00001100     -0.00004400      0.09360400      0.05844300      0.04211600     -0.03814000     -0.00652300      0.95155200     -0.30741700     -0.99935900     -0.01701400     -0.03145800     -0.03516400      0.30701500      0.95105400      0.01163800     -0.00249100     -0.00164300      0.00379800     -0.02692400      0.05718700     -0.05945700
