0.12094800      0.02198200      0.44069500      0.91056700      0.12069700     -0.39540500     -0.12931800      0.99157800      0.00474200      0.39151400      0.04667200      0.91900300      0.00247000      0.00437900      0.01580900     -0.03414100      0.00359300      0.00907600     -0.38280300     -0.10263600      0.03327000      0.42274100     -0.28090000      0.47474400      0.83408900     -0.69084100      0.50330900     -0.51899200     -0.66580400     -0.72259500      0.18554100      0.00378400     -0.01695100     -0.00736200      0.03112000      0.67832800     -0.21681800     -1.40281500      0.04363200      0.05870700     -0.00034500      0.36946000     -0.46167900      0.80644300      0.73578900     -0.38470300     -0.55733000      0.56754900      0.79928300      0.19756600      0.00285500     -0.01391900      0.00098600      0.23842400      0.96593700     -0.81454100     -0.88532200      0.07015900      0.04702900     -0.05022000      0.87030000      0.30212300     -0.38896900     -0.31073900      0.94955400      0.04228100      0.38212200      0.08407100      0.92027900      0.00137300      0.00683300      0.00274100      0.01383200     -0.08444600      0.24160600     -0.50622000
0.12104400      0.02221300      0.44114600      0.91062800      0.11995800     -0.39549100     -0.12831200      0.99170600      0.00522200      0.39170500      0.04584900      0.91896300      0.00240400      0.00407000      0.01566100     -0.03259600     -0.00586700      0.03625400     -0.37462200     -0.10249000      0.03240800      0.42265100     -0.28395100      0.47955900      0.83029300     -0.67826600      0.51166100     -0.52734500     -0.67732800     -0.71349300      0.17893400      0.00346300     -0.01551400     -0.00678800      0.00220900      0.01608000     -0.03067500     -1.40251400      0.04370700      0.05827000     -0.00039200      0.37389000     -0.46416200      0.80296900      0.72453700     -0.39430900     -0.56530200      0.57900900      0.79314200      0.18887400      0.00261800     -0.01286300      0.00142000     -0.03348500      0.00856400     -0.09882400     -0.87993400      0.07020700      0.04714100     -0.04999700      0.87049000      0.30143600     -0.38907600     -0.30979400      0.94984000      0.04277600      0.38245500      0.08329800      0.92021000      0.00103100      0.00122600      0.00750600     -0.03403900      0.00359000      0.00891400     -0.49707500
0.12111200      0.02226900      0.44184200      0.91075300      0.11950000     -0.39534000     -0.12724200      0.99183600      0.00653900      0.39176100      0.04420700      0.91902000      0.00196500     -0.00593600      0.02569000     -0.06982900      0.01663100     -0.00903000     -0.36947900     -0.10221300      0.03186300      0.42260500     -0.28843800      0.48278500      0.82687000     -0.67086200      0.51432500     -0.53417900     -0.68277400     -0.70939100      0.17448800      0.00179900     -0.00803700     -0.00353300      0.34685700      0.32449100     -0.71096200     -1.40278100      0.04384800      0.05798600     -0.00042000      0.37780200     -0.46684800      0.79957300      0.71779400     -0.39779900     -0.57142500      0.58483800      0.78981500      0.18481200      0.00079100     -0.00352000     -0.00155200      1.16931100      0.96969200     -2.09175200     -0.88466900      0.07024000      0.04717200     -0.04965800      0.87070000      0.30097900     -0.38896200     -0.30875900      0.95011900      0.04403800      0.38281500      0.08175200      0.92020000     -0.00468600      0.00271200      0.00837400     -0.03349600      0.00888600      0.00658300     -0.49217700
0.12119300      0.02231500      0.44258600      0.91088900      0.11916900     -0.39512800     -0.12623300      0.99195400      0.00803200      0.39177300      0.04242100      0.91909800     -0.00917700     -0.00159800      0.02796800     -0.06925700      0.02194800     -0.01138400     -0.36411300     -0.10204100      0.03159700      0.42262000     -0.29199000      0.48224200      0.82593900     -0.65749800      0.52598900     -0.53941200     -0.69415800     -0.70115500      0.16244900      0.00100400     -0.00447900     -0.00197400     -0.01974500      0.16049500      0.06368300     -1.40256900      0.04393400      0.05785600     -0.00041200      0.38179400     -0.46586800      0.79824800      0.70523700     -0.41139400     -0.57740300      0.59738800      0.78340300      0.17147900      0.00054400     -0.00241200     -0.00106400     -0.02559000      0.11884100      0.23841600     -0.88581200      0.07028400      0.04718800     -0.04928900      0.87089400      0.30067100     -0.38876700     -0.30778100      0.95036600      0.04553500      0.38316200      0.07999900      0.92020900      0.00130200      0.00259700      0.00803000     -0.03408000      0.00360500      0.00897000     -0.48744100
0.12119900      0.02240400      0.44291800      0.91094900      0.11897300     -0.39504800     -0.12576900      0.99200800      0.00860800      0.39178200      0.04170300      0.91912800      0.00311900      0.01547500      0.00608800      0.00313400     -0.01869900      0.05443000     -0.35957800     -0.10198100      0.03138500      0.42269500     -0.29519000      0.47952900      0.82638100     -0.64987500      0.53330300     -0.54146500     -0.69995200     -0.69747400      0.15316700      0.00116500     -0.00519500     -0.00229200     -0.04889400      0.40189000      0.15942500     -1.40220100      0.04396100      0.05776000     -0.00037500      0.38409900     -0.46400600      0.79822600      0.69828200     -0.41961900     -0.57993100      0.60404300      0.78013800      0.16283200      0.00136400     -0.00725600      0.00386500     -0.05696500      0.67294100      0.25736100     -0.88483300      0.07028300      0.04722800     -0.04910900      0.87098900      0.30053000     -0.38866100     -0.30733900      0.95047700      0.04620300      0.38330000      0.07920900      0.92022000     -0.00448300      0.00368500      0.00874200     -0.03505800      0.01833100     -0.02056600     -0.48531900
0.12121000      0.02273500      0.44352500      0.90986800      0.11919600     -0.39746400     -0.12531800      0.99204700      0.01049700      0.39442300      0.04011700      0.91806800     -0.00830400      0.01828200      0.00772400     -0.09391600     -0.33741000     -0.08356300     -0.35260500     -0.10190900      0.03077500      0.42292600     -0.30281700      0.47784500      0.82459500     -0.63657400      0.54255400     -0.54803500     -0.70884600     -0.69146300      0.13885000      0.00362600     -0.01850200      0.00597300      2.39783900      0.31540200     -2.07035900     -1.40255900      0.04399500      0.05746900     -0.00025800      0.39197500     -0.45750400      0.79815000      0.69085600     -0.42653000     -0.58377200      0.60751400      0.78023100      0.14888100     -0.00401600     -0.01027900      0.00284000     -0.07778900      0.24552100      0.01001200     -0.88124000      0.07029200      0.04739100     -0.04881200      0.87075000      0.30018000     -0.38946600     -0.30654900      0.95067500      0.04736200      0.38447300      0.07815000      0.91982100      0.00152700      0.00371400      0.00844300     -0.25108600     -0.69579700     -0.14420400     -0.47944000
0.12118000      0.02311100      0.44401400      0.90876200      0.11959400     -0.39986800     -0.12515000      0.99204900      0.01215000      0.39701200      0.03886000      0.91700600      0.00268900      0.00550000      0.01609700     -0.03930000     -0.01432500      0.00327100     -0.34967100     -0.10183800      0.03001500      0.42307100     -0.30068500      0.47951900      0.82440400     -0.62673600      0.55226100     -0.54967600     -0.71845100     -0.68255800      0.13343700      0.00413400     -0.02078200      0.00494700      4.51617800     -2.99614700      0.69939800     -1.40265200      0.04403000      0.05708900     -0.00018500      0.39265600     -0.45939800      0.79672600      0.68097800     -0.43702500     -0.58760300      0.61813300      0.77327900      0.14123900      0.00213600     -0.01070800      0.00233300     -0.05649900      0.02164700     -0.05403000     -0.88320000      0.07027500      0.04759100     -0.04856200      0.86855300      0.30091200     -0.39378400     -0.30670500      0.95049800      0.04984100      0.38928900      0.07748600      0.91784900     -0.00428800      0.00846400      0.00357800      0.00945900      0.00990400      0.02200500     -0.47568400
0.12113200      0.02331100      0.44427400      0.90761800      0.12039200     -0.40222000     -0.12548500      0.99198800      0.01362900      0.39950900      0.03796100      0.91595800      0.00284600      0.01410000      0.00545000     -0.09446800     -0.34316400     -0.08086200     -0.34613200     -0.10183200      0.02962400      0.42312500     -0.30478300      0.47789700      0.82384000     -0.62595300      0.55148700     -0.55134300     -0.71740200     -0.68431800      0.13002000      0.00415100     -0.02087100      0.00489700     -0.06495000      0.25524500      0.04581800     -1.40238000      0.04403400      0.05688800     -0.00015600      0.39359300     -0.46069300      0.79551500      0.67695400     -0.44021400     -0.58986700      0.62194500      0.77069600      0.13860200     -0.00366700     -0.01192000      0.00210300     -0.03679500      0.44557900      0.11682700     -0.88222000      0.07025400      0.04768500     -0.04843400      0.86826700      0.30113100     -0.39424800     -0.30670500      0.95046300      0.05050500      0.38992700      0.07706600      0.91761400      0.00141300      0.00312100      0.00818400     -0.24861400     -0.68915200     -0.14235700     -0.47323500
0.12097700      0.02358900      0.44482300      0.90774500      0.12072200     -0.40183300     -0.12534500      0.99198900      0.01473400      0.39926400      0.03685000      0.91611000      0.00214600      0.00278100      0.01500500     -0.03414300      0.00361100      0.00909200     -0.34276900     -0.10176300      0.02901600      0.42318600     -0.30756900      0.47850700      0.82245000     -0.62073600      0.55425000     -0.55446200     -0.72073300     -0.68165400      0.12552100      0.00198700     -0.00888300     -0.00397500     -0.00521500      0.04503600     -0.01328200     -1.40227500      0.04407200      0.05657100     -0.00012600      0.39672700     -0.45967900      0.79454400      0.67238100     -0.44373800     -0.59245100      0.62490800      0.76927900      0.13303700      0.00093300     -0.00417800     -0.00187000     -0.01957600      0.02612700     -0.02336400     -0.88369000      0.07017400      0.04783400     -0.04815600      0.86745500      0.30191600     -0.39543100     -0.30690900      0.95030000      0.05230000      0.39156900      0.07599300      0.91700400     -0.00473000      0.00228300      0.00814700     -0.03374800      0.02231000     -0.01968300     -0.46866300
0.12076400      0.02374500      0.44527400      0.90713300      0.12612500     -0.40155600     -0.13086600      0.99126400      0.01558200      0.39888500      0.03826500      0.91621700     -0.00991400      0.00997300      0.00441300      0.00061600      0.00548500     -0.00230000     -0.34697000     -0.10173300      0.02866200      0.42314700     -0.30699800      0.47464600      0.82489700     -0.60748900      0.56952600     -0.55365300     -0.73216600     -0.67167600      0.11246000     -0.01029500     -0.00838900     -0.00312300     -0.02782100      0.25849400      0.06732300     -1.40249300      0.04409100      0.05639200     -0.00014600      0.39550100     -0.45615200      0.79718300      0.66109800     -0.46114400     -0.59185600      0.63759300      0.76109700      0.11917800      0.00076400     -0.00341000     -0.00152900     -0.04227400      0.27308800      0.07898800     -0.88369000      0.07007200      0.04791000     -0.04792600      0.86587100      0.30709200     -0.39491800     -0.31218200      0.94853500      0.05312100      0.39090700      0.07729100      0.91717800      0.00060000     -0.00091800      0.00661600     -0.03427000      0.00379400      0.00951300     -0.46817300
0.12060800      0.02382400      0.44546000      0.90719300      0.12641900     -0.40132900     -0.13097900      0.99124100      0.01603600      0.39871200      0.03786800      0.91630900     -0.01021900      0.00062400      0.01476000     -0.03509200      0.01845700     -0.02041200     -0.34643000     -0.10173800      0.02851600      0.42311600     -0.31002600      0.46679500      0.82823800     -0.60631300      0.57399300     -0.55032000     -0.73186200     -0.67336400      0.10402900     -0.01035000     -0.00817000     -0.00302700     -0.04174700      0.35165100      0.10242700     -1.40261600      0.04408800      0.05632000     -0.00016200      0.39744900     -0.44805500      0.80079900      0.66060700     -0.46599400     -0.58859700      0.63689200      0.76295100      0.11078000      0.00074300     -0.00331700     -0.00149000     -0.06650000      0.38872200      0.11306800     -0.88679200      0.06999400      0.04795100     -0.04783800      0.86587900      0.30736400     -0.39468900     -0.31227900      0.94847900      0.05354300      0.39081200      0.07689200      0.91725200     -0.00508200      0.00439000      0.00198000      0.00047600      0.00551700     -0.00198800     -0.46915300
0.12020300      0.02385600      0.44589300      0.90536800      0.13351800     -0.40314600     -0.13778000      0.99027700      0.01841800      0.40055900      0.03871200      0.91546800     -0.01098500     -0.00317100      0.01331400     -0.03697400      0.02673400     -0.04796300     -0.34380900     -0.10164900      0.02823800      0.42298900     -0.31240700      0.44922800      0.83701100     -0.59503200      0.59434900     -0.54094400     -0.74005400     -0.66760100      0.08057300      0.00171100     -0.00764800     -0.00344700     -0.08715900      1.04241800      0.39007700     -1.40271900      0.04412800      0.05618200     -0.00022400      0.39689000     -0.43265100      0.80950000      0.65193700     -0.48793700     -0.58042500      0.64610700      0.75810900      0.08840400      0.00085000     -0.00381100     -0.00172100     -0.11531500      1.01050600      0.36715400     -0.88875200      0.06978800      0.04797100     -0.04761500      0.86271100      0.31410400     -0.39631500     -0.31879000      0.94617200      0.05594900      0.39255700      0.07807400      0.91640700     -0.00553000     -0.00172800      0.00660700     -0.03309500      0.03754400     -0.04630300     -0.46899000
0.11970800      0.02375000      0.44635900      0.90228300      0.14202500     -0.40713500     -0.14553400      0.98908600      0.02237300      0.40474700      0.03889600      0.91361600     -0.01122300      0.00345200      0.00191800     -0.08400500     -0.27001400     -0.12014900     -0.34303100     -0.10143600      0.02793900      0.42286700     -0.31040100      0.42963900      0.84797000     -0.58290000      0.61867000     -0.52669600     -0.75047500     -0.65830300      0.05733500      0.00347600     -0.01783800      0.00619900      0.22543200      0.40912200      0.49176100     -1.40255400      0.04423300      0.05603900     -0.00028700      0.39348300     -0.41234200      0.82167100      0.64411800     -0.51406700     -0.56643200      0.65595800      0.75213600      0.06332000      0.00674100     -0.00282300     -0.00160000      1.05663300     -0.22167700      1.09060900     -0.88956800      0.06954500      0.04791600     -0.04738300      0.85860700      0.32173200     -0.39909900     -0.32592100      0.94352500      0.05944400      0.39568600      0.07903600      0.91497800     -0.00574500     -0.00277700      0.00621400     -0.18107000     -0.42995300     -0.16996100     -0.46833600
0.11909100      0.02364100      0.44679000      0.90035200      0.15011300     -0.40850500     -0.15315400      0.98786300      0.02532500      0.40622900      0.03958400      0.91292800     -0.02303400     -0.00371100      0.01372900     -0.00819700     -0.06837900     -0.24731000     -0.33941000     -0.10120200      0.02761100      0.42282800     -0.31411500      0.40598600      0.85819500     -0.57472900      0.63821800     -0.51215000     -0.75520900     -0.65460800      0.03178000      0.00157700     -0.00701700     -0.00318400     -0.11488200      1.05332700      0.16725000     -1.40264800      0.04435200      0.05586900     -0.00030500      0.39338300     -0.38993600      0.83258500      0.63897500     -0.53516500     -0.55254700      0.66102900      0.74936400      0.03863400      0.00654900     -0.00198600     -0.00123300     -0.16605000      1.14849200      0.24947800     -0.88515900      0.06924000      0.04786000     -0.04717300      0.85476100      0.32941500     -0.40108200     -0.33315000      0.94078700      0.06269300      0.39798600      0.08003300      0.91389300     -0.00573400     -0.00271200      0.00624400      0.13220300     -0.10834700     -0.54684700     -0.46572400
0.11873100      0.02357900      0.44703700      0.90017400      0.15010200     -0.40890300     -0.15390600      0.98778800      0.02365800      0.40634000      0.04145700      0.91279600     -0.02287600     -0.00294400      0.01402500     -0.03814000      0.04091500     -0.07765800     -0.33891200     -0.10103100      0.02749500      0.42282100     -0.31369500      0.39599600      0.86300300     -0.56865200      0.64955800     -0.50462300     -0.75996700     -0.64953800      0.02033700      0.01293400     -0.00317400     -0.00209800     -0.08496900      0.77770100      0.11867100     -1.40269500      0.04443300      0.05580800     -0.00030900      0.39237300     -0.37889500      0.83814100      0.63505800     -0.54758200     -0.54484400      0.66539000      0.74605000      0.02576300      0.00051400     -0.00228600     -0.00104200     -0.09771000      0.91408500      0.22418800     -0.88271000      0.06905900      0.04782700     -0.04705100      0.85448100      0.32961100     -0.40151800     -0.33413700      0.94054600      0.06101900      0.39775900      0.08202300      0.91381500     -0.00565100     -0.00230400      0.00640200     -0.03230100      0.03237800     -0.01944200     -0.46507100
0.11795600      0.02338300      0.44755800      0.89858300      0.15110400     -0.41202100     -0.15605800      0.98749500      0.02167300      0.40902600      0.04464400      0.91144500     -0.01179000     -0.00699000      0.01189000     -0.10865700     -0.21324200     -0.12329700     -0.33288300     -0.10065900      0.02745700      0.42286900     -0.31075100      0.36814300      0.87629600     -0.56021600      0.67388100     -0.48163800     -0.76740400     -0.64104300     -0.00427000      0.01124800      0.00431400      0.00130500      0.17771000      0.37500900      0.75047600     -1.40274700      0.04462200      0.05577700     -0.00029000      0.38842700     -0.35322700      0.85109000      0.63034100     -0.57186000     -0.52501900      0.67215600      0.74040900      0.00052700      0.00574800      0.00152100      0.00032800      4.67947200     -1.57174400      0.20656000     -0.87748500      0.06866900      0.04773300     -0.04678800      0.85317500      0.33018100     -0.40382000     -0.33601300      0.94002600      0.05869200      0.39898100      0.08561400      0.91295300     -0.01169200     -0.00261200      0.00659900     -0.16236900     -0.33965200     -0.18021000     -0.46327400
0.11715600      0.02306400      0.44811700      0.89852700      0.15245100     -0.41164800     -0.15760200      0.98725500      0.02148900      0.40855900      0.04538600      0.91161700     -0.02360900     -0.00626400      0.01279300     -0.03769000      0.04250200     -0.07713200     -0.31151100     -0.10053400      0.02762100      0.42300900     -0.30924400      0.34012500      0.88807300     -0.55477100      0.69399200     -0.45884600     -0.77195400     -0.63499500     -0.02703700     -0.00132300      0.00583200      0.00264600     -0.49462700     -0.10811500      2.49467000     -1.40244400      0.04468800      0.05586200     -0.00021900      0.38343700     -0.32602800      0.86410700      0.62763100     -0.59439200     -0.50276900      0.67753500      0.73512100     -0.02328600     -0.00062900      0.00276600      0.00125300      0.05988400      1.15271400     -0.17865300     -0.88091400      0.06827300      0.04757300     -0.04651000      0.85246800      0.33168000     -0.40408300     -0.33766000      0.93943100      0.05876600      0.39910000      0.08634700      0.91283100     -0.00608400     -0.00430900      0.00565400     -0.03954800      0.03263000     -0.04844200     -0.45315000
0.11682400      0.02288000      0.44839900      0.89743900      0.15762800     -0.41207000     -0.16400100      0.98624400      0.01996400      0.40843200      0.04947500      0.91146100     -0.02376200     -0.00692100      0.01255000     -0.03886700      0.05155700     -0.10552800     -0.30843100     -0.10049900      0.02775000      0.42304300     -0.31330500      0.32796800      0.89121800     -0.54735800      0.70456700     -0.45157400     -0.77559200     -0.62970300     -0.04234800     -0.00109600      0.00482700      0.00218800      1.40089600      0.20050900     -0.12062100     -1.40256200      0.04470500      0.05593200     -0.00020000      0.38400300     -0.31192000      0.86904900      0.62441400     -0.60562500     -0.49327900      0.68018200      0.73206700     -0.03779400     -0.00064600      0.00275700      0.00120800      4.86125700     -1.35811900     -0.18523000     -0.88515900      0.06809800      0.04747900     -0.04636400      0.85044100      0.33664600     -0.40424900     -0.34382000      0.93728900      0.05723300      0.39816600      0.09031500      0.91285500     -0.01188700     -0.00344100      0.00629400     -0.04303100      0.05298500     -0.10665700     -0.44678200
0.11628300      0.02257500      0.44892900      0.89553100      0.15719700     -0.41636300     -0.16588800      0.98601100      0.01534100      0.41183600      0.05514300      0.90960300     -0.01180800     -0.00693900      0.01193600     -0.03720900      0.02600500     -0.04808800     -0.31233300     -0.10050800      0.02787200      0.42310800     -0.31251200      0.29758900      0.90209100     -0.53252700      0.73153600     -0.42568100     -0.78616000     -0.61378900     -0.07127200     -0.00064200      0.00282700      0.00128000     -0.13110600      0.65486800      0.74664500     -1.40259400      0.04469900      0.05599900     -0.00016500      0.37972300     -0.28230600      0.88097300      0.61304400     -0.63639100     -0.46816900      0.69281000      0.71785000     -0.06858600     -0.00029900      0.00130800      0.00059400     -0.16362000      0.59561600      0.79204200     -0.88499600      0.06782700      0.04732300     -0.04610000      0.84856300      0.33602300     -0.40869000     -0.34564600      0.93688700      0.05263600      0.40058300      0.09659700      0.91115300     -0.00591000     -0.00345000      0.00598700     -0.03776800      0.04307300     -0.04855800     -0.44563900
0.11589500      0.02220200      0.44946800      0.89320500      0.16355400     -0.41890300     -0.17280900      0.98481200      0.01590700      0.41403200      0.05798600      0.90842800     -0.00065600     -0.01071000      0.00989400      0.65709900     -0.29194900      0.27972100     -0.29859400     -0.10059400      0.02796800      0.42314400     -0.30340900      0.26504600      0.91525100     -0.52671700      0.75381000     -0.39277800     -0.79361100     -0.60158100     -0.09025800     -0.00076700      0.00338000      0.00152800      1.29795300     -1.07747900      2.08503200     -1.40268100      0.04465700      0.05604200     -0.00014900      0.36984300     -0.25009900      0.89479900      0.61494600     -0.65604700     -0.43754100      0.69645900      0.71207500     -0.08883700     -0.00032900      0.00145500      0.00066000     -0.13520200      0.34939400      0.46068100     -0.88907800      0.06763400      0.04714400     -0.04583300      0.84513300      0.34229300     -0.41059100     -0.35221600      0.93436100      0.05396000      0.40211100      0.09901300      0.91022100     -0.00606100     -0.00801600      0.01118100      2.24434600     -1.00048000      1.01917400     -0.43992400
0.11573300      0.02187800      0.44987600      0.89305100      0.16317600     -0.41938100     -0.17296800      0.98480300      0.01472000      0.41429800      0.05919800      0.90822900     -0.00026600     -0.00891900      0.01058000     -0.03571600      0.01313100     -0.01798500     -0.29158500     -0.10063000      0.02818900      0.42312600     -0.29967400      0.24558300      0.92188700     -0.51748700      0.76997300     -0.37320700     -0.80106700     -0.58921100     -0.10481200     -0.00092300      0.00407100      0.00183800      1.50161300     -0.00305300     -0.52022400     -1.40281000      0.04463800      0.05615300     -0.00015800      0.36025200     -0.23292800      0.90330600      0.60698500     -0.67677300     -0.41658800      0.70836800      0.69837100     -0.10242500     -0.00033400      0.00131400      0.00052200      5.07965200     -1.34938900     -0.89015600     -0.89185400      0.06755200      0.04697700     -0.04563000      0.84506500      0.34154000     -0.41135600     -0.35237900      0.93441500      0.05191700      0.40211000      0.10108000      0.90999400     -0.00013500     -0.00443400      0.00530500     -0.03808200      0.01429000     -0.01848800     -0.43355500
0.11572100      0.02175300      0.45002800      0.89309000      0.16332000     -0.41924000     -0.17288300      0.98481000      0.01523300      0.41424900      0.05868000      0.90828500     -0.00000000     -0.00000000     -0.00000000     -0.00000000     -0.00000000     -0.00000000     -0.28921000     -0.10064700      0.02826600      0.42313900     -0.29937800      0.23746200      0.92410800     -0.51599800      0.77440200     -0.36603300     -0.80213700     -0.58671600     -0.11047000     -0.00076600      0.00337700      0.00152300     -0.02361500      0.45258500     -0.44042800     -1.40256900      0.04463000      0.05619200     -0.00015100      0.35857700     -0.22512000      0.90594800      0.60523600     -0.68280500     -0.40922600      0.71071100      0.69505200     -0.10858800     -0.00032000      0.00142000      0.00064400     -0.03561700      0.35870000     -0.01966500     -0.89250700      0.06754600      0.04691200     -0.04555000      0.84508200      0.34169600     -0.41119200     -0.35228500      0.93442000      0.05247800      0.40215800      0.10050800      0.91003600     -0.00013200     -0.00442600      0.00530800     -0.03619700      0.01330000     -0.01769800     -0.43110600
0.11578600      0.02152000      0.45022900      0.88988200      0.17408600     -0.42172300     -0.18423100      0.98272500      0.01679100      0.41625400      0.06254400      0.90711000      0.01150600     -0.00223100     -0.00146800     -0.07330600     -0.25580300     -0.04374200     -0.28523400     -0.10066100      0.02841000      0.42319300     -0.29709900      0.22159900      0.92877200     -0.50349400      0.79013100     -0.34945700     -0.81088000     -0.57173100     -0.12433900     -0.00060600      0.00267300      0.00120400     -0.00226500      0.39897400      0.02067300     -1.40279000      0.04462200      0.05626800     -0.00012300      0.35468500     -0.21045300      0.91099200      0.59514500     -0.70064300     -0.39357300      0.72111000      0.68176700     -0.12325800     -0.00036000      0.00159500      0.00072100     -0.00345400      0.38737100      0.21225100     -0.89414000      0.06757400      0.04679600     -0.04544900      0.84045600      0.35156700     -0.41235000     -0.36287700      0.93029700      0.05354400      0.40243200      0.10463100      0.90945000     -0.00016300     -0.00458200      0.00524600     -0.19114800     -0.45595300     -0.13824700     -0.42686100
0.11586000      0.02135400      0.45040300      0.88863800      0.17796000     -0.42272700     -0.18963900      0.98173200      0.01451400      0.41648200      0.06705400      0.90668300     -0.00025100     -0.00886400      0.01060900     -0.03574500      0.01301700     -0.01802300     -0.28938600     -0.10052100      0.02843400      0.42322700     -0.30049600      0.20567100      0.93133900     -0.48898700      0.80516800     -0.33545600     -0.81846300     -0.55647300     -0.14254800      0.01182300      0.00163200      0.00009100      0.15649700      0.71261300      0.30799700     -1.40258400      0.04468700      0.05628300     -0.00010400      0.35507100     -0.19632900      0.91399000      0.58301900     -0.71775800     -0.38067200      0.73076100      0.66803900     -0.14039200      0.00014700     -0.00063800     -0.00028700      0.43961200      0.02045000     -0.00838100     -0.89610000      0.06761500      0.04671600     -0.04536600      0.83795100      0.35539500     -0.41416400     -0.36821300      0.92830800      0.05160100      0.40281000      0.10926200      0.90873800     -0.00000100      0.00001500      0.00000600     -0.00002000      0.00353400      0.00065600     -0.42686100
0.11587400      0.02130300      0.45044500      0.88733800      0.18204800     -0.42371700     -0.19542500      0.98063200      0.01194300      0.41658000      0.07198800      0.90625900     -0.00029900     -0.00137000     -0.00052000      0.06322500     -0.00178300     -0.13522900     -0.28840100     -0.10038900      0.02841400      0.42322200     -0.29985200      0.19952000      0.93288400     -0.48149800      0.81254600     -0.32842500     -0.82312400     -0.54791000     -0.14874600      0.00054200     -0.00237900     -0.00107200      0.00956000      0.35417900     -0.10779700     -1.40268900      0.04475700      0.05627500     -0.00010600      0.35481500     -0.18791300      0.91585700      0.57704300     -0.72673400     -0.37266300      0.73561300      0.66071600     -0.14942300      0.00594400      0.00067900     -0.00001700      0.02281800      0.23365600      0.11559900     -0.89365000      0.06762300      0.04669000     -0.04534000      0.83593700      0.35917600     -0.41497000     -0.37367500      0.92626500      0.04897500      0.40196300      0.11412400      0.90851500     -0.00017600     -0.00078200     -0.00029600      0.06008900     -0.00013700     -0.13755300     -0.42686100
0.11588600      0.02126900      0.45044200      0.88602600      0.18283400     -0.42611600     -0.19594300      0.98051300      0.01315900      0.41911500      0.07161500      0.90512000     -0.00008200     -0.00037600     -0.00014300     -0.00066700     -0.00216500     -0.00065600     -0.29089500     -0.10007200      0.02847100      0.42321900     -0.30297400      0.18014500      0.93581300     -0.47169300      0.82491100     -0.31138600     -0.82763900     -0.53598400     -0.16612800      0.00000100     -0.00000600     -0.00000300      0.01439200      0.62750900      0.24146300     -1.40269700      0.04491700      0.05629700     -0.00011000      0.35456900     -0.17019100      0.91941000      0.56927500     -0.74075500     -0.35666100      0.74175800      0.64985800     -0.16576300      0.00581100      0.00125500      0.00024300      0.06405700      0.93045900      0.17088100     -0.89381400      0.06762800      0.04667000     -0.04534300      0.83440700      0.35984100     -0.41746600     -0.37417900      0.92599200      0.05028400      0.40466400      0.11425000      0.90729900     -0.00004900     -0.00021800     -0.00008200      0.00528500      0.01386700      0.00194200     -0.42735000
0.11586400      0.02126100      0.45041900      0.88362000      0.18862000     -0.42858300     -0.20209100      0.97925000      0.01419000      0.42126700      0.07384700      0.90394100     -0.00002700     -0.00012600     -0.00004800     -0.00288000     -0.00934700     -0.00283400     -0.29768100     -0.09952400      0.02850300      0.42326800     -0.30180800      0.16597700      0.93880500     -0.45175000      0.84226500     -0.29401600     -0.83910600     -0.51305000     -0.18040000      0.02359400      0.00354400      0.00031300      0.01380100      0.34313200      0.20210500     -1.40217400      0.04518200      0.05631300     -0.00008500      0.35231000     -0.15525900      0.92291400      0.55254700     -0.76141800     -0.33901800      0.75535900      0.62939300     -0.18246800      0.00602400      0.00034600     -0.00016800      0.00929900      0.41551200      0.18587700     -0.89561000      0.06761700      0.04666600     -0.04535500      0.83091100      0.36517500     -0.41980100     -0.37998000      0.92357000      0.05129900      0.40644900      0.11689200      0.90616400     -0.00000800     -0.00003400     -0.00001400      0.00710400      0.01687700      0.00119000     -0.43110600
0.11582300      0.02118100      0.45042100      0.88093100      0.19346500     -0.43194500     -0.20845100      0.97793500      0.01276200      0.42378800      0.07856400      0.90236300     -0.00066400     -0.00304100     -0.00115600     -0.00339200     -0.01099700     -0.00333300     -0.29279400     -0.09890800      0.02835600      0.42328700     -0.30334500      0.14826700      0.94127000     -0.44132000      0.85362900     -0.27656500     -0.84408200     -0.49948300     -0.19469200      0.02489000     -0.00195300     -0.00217200      1.57717300      0.11384300     -0.06346300     -1.40222000      0.04548800      0.05624800     -0.00007100      0.35078400     -0.13855300      0.92614900      0.54568100     -0.77349300     -0.32239600      0.76103900      0.61847400     -0.19572400      0.00660700     -0.00220900     -0.00143200      5.18687300     -0.91692300     -0.84677900     -0.89642600      0.06759700      0.04663100     -0.04535100      0.82734100      0.36956500     -0.42299700     -0.38600200      0.92115200      0.04981100      0.40805400      0.12206700      0.90476000     -0.00036600     -0.00167000     -0.00063500      0.00612200      0.01714700      0.00053800     -0.43029000
0.11580900      0.02111000      0.45040500      0.87975900      0.19885600     -0.43188700     -0.21437800      0.97665200      0.01287200      0.42326800      0.08102200      0.90239000     -0.00076500     -0.00350500     -0.00133300      0.00169000     -0.00021300     -0.00368400     -0.29978600     -0.09855900      0.02821600      0.42329200     -0.30156600      0.13773900      0.94343900     -0.43905900      0.85828600     -0.26552900     -0.84589800     -0.49447400     -0.19953800      0.01518500     -0.01515700      0.00676600     -0.00036300      0.36429300      0.38585700     -1.40248500      0.04566100      0.05618500     -0.00007100      0.34832200     -0.12911500      0.92843900      0.54280300     -0.77972600     -0.31207700      0.76422200      0.61266300     -0.20151200      0.01251400     -0.00132800     -0.00124800      0.32872500     -0.24610400      2.88138800     -0.89756900      0.06759000      0.04659500     -0.04535900      0.82528800      0.37465300     -0.42253200     -0.39160900      0.91878300      0.04978300      0.40686700      0.12438200      0.90497800     -0.00046400     -0.00211700     -0.00080400      0.00518800      0.01316000     -0.03826500     -0.43077900
0.11573300      0.02092400      0.45034700      0.87858600      0.20393000     -0.43190800     -0.22003300      0.97539400      0.01282800      0.42280300      0.08351800      0.90238000     -0.00125500     -0.00574000     -0.00218800     -0.00000000     -0.00000000     -0.00000000     -0.30260300     -0.09782100      0.02805800      0.42332200     -0.29551700      0.11722400      0.94811400     -0.44398400      0.86190000     -0.24482800     -0.84547000     -0.49344600     -0.20385100      0.01409200     -0.01036800      0.00893400      0.05734700     -0.18161300      0.82468300     -1.40243100      0.04603800      0.05609100     -0.00006300      0.34055900     -0.10829500      0.93396500      0.54914200     -0.78340100     -0.29107500      0.76319100      0.61200800     -0.20732500      0.01208400      0.00063100     -0.00036800      0.28013000     -0.91239100      2.62086100     -0.89903900      0.06755300      0.04650200     -0.04538900      0.82321800      0.37941200     -0.42232200     -0.39692600      0.91650500      0.04966800      0.40590500      0.12674300      0.90508300     -0.00067000     -0.00305100     -0.00116300     -0.00049700     -0.00018600      0.00076000     -0.43469900
0.11561000      0.02061600      0.45021100      0.87725800      0.20446300     -0.43434900     -0.22038700      0.97530000      0.01386800      0.42536400      0.08331200      0.90119500     -0.00210500     -0.00961700     -0.00368000      0.01021300     -0.05234300      0.16148900     -0.29924800     -0.09702300      0.02826300      0.42334800     -0.28851200      0.09583600      0.95266400     -0.44857400      0.86549300     -0.22279600     -0.84547500     -0.49174100     -0.20791100      0.02293600      0.00654700      0.00168100      0.01263500      0.36675500      0.21818500     -1.40174000      0.04643400      0.05618500     -0.00004900      0.32931400     -0.08918600      0.93999800      0.55493700     -0.78716600     -0.26909900      0.76393400      0.61025800     -0.20973200      0.01138300      0.00363600      0.00099200      0.05335400      0.55336400      0.28605800     -0.90018200      0.06749200      0.04635400     -0.04545500      0.82175100      0.37988700     -0.42474600     -0.39733200      0.91626800      0.05078400      0.40847400      0.12703400      0.90388600     -0.00093600     -0.00042500     -0.00716200      0.03566000      0.00083300     -0.00806200     -0.43420900
0.11555500      0.02040200      0.45014000      0.87701200      0.20362400     -0.43523800     -0.22073400      0.97525400      0.01136300      0.42569000      0.08586100      0.90080200     -0.00234700     -0.01071600     -0.00411000     -0.00174000      0.00883900     -0.02737400     -0.29977500     -0.09658500      0.02838600      0.42339900     -0.28276300      0.08323400      0.95556800     -0.45129900      0.86751800     -0.20898900     -0.84597300     -0.49044600     -0.20893800      0.02457700     -0.00289400      0.01168500      0.31572500     -0.63215500      2.74104500     -1.40132000      0.04665200      0.05625300     -0.00002500      0.32440600     -0.07902700      0.94261000      0.55771700     -0.78888800     -0.25808200      0.76401000      0.60943300     -0.21184600      0.01141400      0.00348600      0.00092400      0.04461600      0.53335600      0.25665500     -0.90083500      0.06746400      0.04624600     -0.04549000      0.82172200      0.37889800     -0.42568600     -0.39755800      0.91631100      0.04817300      0.40831400      0.12965000      0.90358700     -0.00120200     -0.00550200     -0.00211100     -0.00356900      0.01044100     -0.02761300     -0.43388200
0.11541900      0.01993600      0.44998400      0.87437800      0.21024000     -0.43738800     -0.22757500      0.97366000      0.01294800      0.42750100      0.08796300      0.89974000     -0.00250100     -0.01140000     -0.00439600     -0.00514700     -0.00215100     -0.03070300     -0.30132800     -0.09598500      0.02848700      0.42343300     -0.27680200      0.06662300      0.95861000     -0.45452000      0.86985200     -0.19157900     -0.84622700     -0.48882200     -0.21169900      0.01182200      0.00179600      0.00017200      0.00308800      0.02960600      0.04859900     -1.40135900      0.04695600      0.05630600     -0.00000200      0.31474000     -0.06071900      0.94723300      0.56262000     -0.79180500     -0.23770000      0.76445700      0.60774600     -0.21505200      0.00594300      0.00077600      0.00002000     -0.01544000     -0.02239100      0.02009500     -0.90246800      0.06739600      0.04601000     -0.04557000      0.81777000      0.38500000     -0.42781500     -0.40396800      0.91341500      0.04981500      0.40995200      0.13208700      0.90249200     -0.00140300     -0.01025200      0.00306300     -0.03086500      0.03719500     -0.04504300     -0.43437200
