0.11959300     -0.03732600      0.40930300     -0.49912200      0.44374900     -0.74431800     -0.45829100     -0.86412200     -0.20792600     -0.73483400      0.23677600      0.63559700     -0.00161100     -0.02450700      0.01629300     -0.02333200      0.01062100     -0.01369000      0.14672100     -0.11509900     -0.03215500      0.40950900      0.13920600      0.35905700      0.92287100     -0.06354000      0.93327800     -0.35339600     -0.98832800     -0.00991500      0.15156600      0.01611700     -0.01404900     -0.01111400      0.01101500      0.76466100      0.09559000     -1.28653800      0.03739000      0.02599700     -0.00694800     -0.05979200     -0.40743000      0.91127700      0.17864200     -0.90253900     -0.39180200      0.98209500      0.13936600      0.12674800      0.00799400     -0.00661100     -0.00527600     -0.22562700      0.69752000      0.94776800     -0.87764800      0.06948200      0.01738100     -0.06591900     -0.57756700      0.37124800     -0.72704100     -0.29135300     -0.92569800     -0.24123500     -0.76258000      0.07249700      0.64281800     -0.00065100     -0.00730600      0.00323200      0.13605200     -0.05838400      0.13292700     -0.02304300
0.11944700     -0.03814500      0.40989800     -0.49762400      0.44487600     -0.74464800     -0.44848800     -0.86673500     -0.21817500     -0.74186100      0.22483800      0.63175800     -0.00137800     -0.02335500      0.01712200     -0.06154800     -0.03134100      0.12498500      0.17988100     -0.11427300     -0.03232500      0.40882600      0.12257000      0.35452100      0.92697500     -0.06269600      0.93493200     -0.34915000     -0.99056200     -0.01578700      0.13565000      0.01455200     -0.00292000     -0.02010500      0.04169800      0.32313500     -0.09774100     -1.19700000      0.03781100      0.02590100     -0.00729900     -0.04212500     -0.40001500      0.91553900      0.17839800     -0.90463800     -0.38704400      0.98305500      0.14702600      0.10946900      0.01403000      0.00003900     -0.00967700      0.03572500      0.30836000     -0.03105200     -0.83192700      0.06940900      0.01697100     -0.06562200     -0.57637500      0.37254400     -0.72732500     -0.28123300     -0.92609800     -0.25149300     -0.76726700      0.05959400      0.63855100     -0.00061300     -0.01127700      0.00885200     -0.07526200      0.02509000     -0.03849700      0.01614700
0.11929700     -0.03896700      0.41056700     -0.49668200      0.44312800     -0.74631800     -0.44994800     -0.86671200     -0.21523900     -0.74160900      0.22834200      0.63079500     -0.01511100     -0.02053600      0.01920600     -0.10377900     -0.19956300     -0.17630400      0.22351800     -0.11325500     -0.03222800      0.40805300      0.11091200      0.34989300      0.93019600     -0.05428300      0.93671900     -0.34575100     -0.99241600     -0.01260500      0.12171100      0.02760500      0.00315400     -0.01721600      0.06246500      0.17068900      0.32863900     -1.16225500      0.03830600      0.02593700     -0.00767900     -0.03140900     -0.39460100      0.91831500      0.17053200     -0.90741300     -0.38408400      0.98485100      0.14453800      0.09579300      0.00698700      0.00054600     -0.00868000      0.06949700      0.37512800      0.15592500     -0.81184200      0.06933900      0.01656000     -0.06528800     -0.57558700      0.37142600     -0.72851900     -0.28282200     -0.92633400     -0.24882800     -0.76727500      0.06281900      0.63823300     -0.00050000     -0.01070100      0.00926900     -0.11180100     -0.36830700     -0.17515000      0.06872600
0.11922000     -0.03928600      0.41087200     -0.50272600      0.43647600     -0.74619100     -0.44001200     -0.87215700     -0.21378300     -0.74348700      0.22031000      0.63144000     -0.00047500     -0.01062700      0.00932100     -0.03533400      0.00870000     -0.02052500      0.24487000     -0.11273400     -0.03211500      0.40770400      0.10892400      0.34739100      0.93136800     -0.05294700      0.93765300     -0.34342000     -0.99270600     -0.01236300      0.11934900      0.02743800      0.00431500     -0.01641400      0.04964100     -0.03396000      0.25975000     -1.15037100      0.03857600      0.02599900     -0.00786400     -0.02910500     -0.39154100      0.91969900      0.16940900     -0.90871100     -0.38150200      0.98511500      0.14470100      0.09277900      0.01370000      0.00235700     -0.00808200      0.02452500     -0.02139500      0.05099300     -0.81510800      0.06929500      0.01639300     -0.06513500     -0.57969000      0.36337800     -0.72932500     -0.27195300     -0.93001400     -0.24721400     -0.76811500      0.05503400      0.63794100     -0.00032700     -0.00986700      0.00987300     -0.07985900      0.10466600     -0.22031000      0.09795500
0.11898200     -0.03952000      0.41116300     -0.51237100      0.41469700     -0.75202900     -0.40766900     -0.88814500     -0.21207500     -0.75522600      0.19739600      0.62505600     -0.01386100      0.00222900      0.00165500     -0.08003700     -0.63128900     -0.24304400      0.27357100     -0.11157200     -0.03171600      0.40699800      0.10840000      0.34158400      0.93357400     -0.05005000      0.93980500     -0.33792900     -0.99291300     -0.01054300      0.11779200      0.03932600      0.01836100     -0.02463500      0.07613400     -0.03998300      0.10547200     -1.12735900      0.03916700      0.02620000     -0.00822200     -0.02989700     -0.38590500      0.92205300      0.16709800     -0.91141400     -0.37603400      0.98548600      0.14283100      0.09173200      0.01965200      0.00933700     -0.01222800      0.07666900     -0.05033000      0.10221700     -0.82261900      0.06917500      0.01627200     -0.06498500     -0.58663700      0.34105800     -0.73453000     -0.23727600     -0.93957700     -0.24676400     -0.77431000      0.02952500      0.63211600     -0.00690900      0.00123800      0.00092100     -0.08483500     -0.58322100     -0.22633200      0.14677900
0.11875800     -0.03932600      0.41124000     -0.51304100      0.39527100     -0.76196800     -0.37371400     -0.90194800     -0.21633000     -0.77213200      0.17327400      0.61140400      0.00099800      0.00481500      0.00346800     -0.00141000     -0.62315400      0.09046700      0.30548700     -0.11051700     -0.03130100      0.40632700      0.10471100      0.33575000      0.93610800     -0.04711100      0.94191200     -0.33243900     -0.99344800     -0.00973300      0.11326300      0.02553300      0.01714900     -0.02414700      0.08564500      0.17677600      0.17572700     -1.12434900      0.03968500      0.02640300     -0.00854800     -0.02750500     -0.38001500      0.92457100      0.16452700     -0.91402800     -0.37078700      0.98598800      0.14191900      0.08766300      0.01351700      0.00360000     -0.00722800      0.07224700      0.28594000      0.16374300     -0.83405000      0.06906200      0.01636500     -0.06495000     -0.58327900      0.32165900     -0.74586800     -0.20110800     -0.94684800     -0.25106400     -0.78698100      0.00356000      0.61696500     -0.00650900      0.00314400      0.00229400      0.09792500     -0.83683400     -0.11921200      0.19103100
0.11869400     -0.03909400      0.41136900     -0.50840600      0.37502700     -0.77519200     -0.34614600     -0.91323100     -0.21485900     -0.78788100      0.15862100      0.59507200      0.00104700      0.00504800      0.00362900     -0.06281500     -0.61138300     -0.21106900      0.31486400     -0.10955000     -0.03092500      0.40566100      0.10650900      0.33161600      0.93737800     -0.04470300      0.94339600     -0.32854300     -0.99337100     -0.00734800      0.11412000      0.02681900      0.00842300     -0.01356600      0.03962000     -0.03236600      0.08097200     -1.10110400      0.04016800      0.02659400     -0.00888500     -0.02934600     -0.37599000      0.92615800      0.16249200     -0.91602700     -0.36672900      0.98627300      0.13973100      0.08797700      0.01349100      0.00381000     -0.00708700      0.03967900     -0.02651700      0.05287400     -0.84025400      0.06903100      0.01648500     -0.06488200     -0.57496900      0.30324300     -0.75990300     -0.17198800     -0.95282200     -0.25009600     -0.79989300     -0.01310300      0.59999800      0.00063300      0.00305400      0.00220000     -0.04728000     -0.93823000     -0.11374300      0.21928000
0.11871400     -0.03902300      0.41147200     -0.50370100      0.36604400     -0.78252300     -0.33571200     -0.91751300     -0.21316300     -0.79538100      0.15487000      0.58601300      0.00090400     -0.00394500      0.01412500     -0.09856500     -0.55703100     -0.17720200      0.31615600     -0.10903300     -0.03071200      0.40534200      0.10754900      0.32922600      0.93810200     -0.04344400      0.94424000     -0.32627700     -0.99331600     -0.00609800      0.11466900      0.02669100      0.00920100     -0.01302000      0.03961000     -0.03239100      0.08097100     -1.08650200      0.04041600      0.02669700     -0.00903900     -0.03061900     -0.37396100      0.92693800      0.16144500     -0.91704600     -0.36463700      0.98640600      0.13848400      0.08845300      0.01335300      0.00463000     -0.00650600      0.04129300     -0.03344100      0.08100100     -0.83927500      0.06904100      0.01652300     -0.06483500     -0.56880400      0.29541100     -0.76758800     -0.16082600     -0.95520200     -0.24843900     -0.80659500     -0.01786500      0.59083300      0.00052500      0.00254200      0.00182700     -0.08515900     -0.93874700     -0.30129200      0.22646500
0.11875000     -0.03897200      0.41164800     -0.49303100      0.35335700     -0.79505100     -0.32081400     -0.92322300     -0.21144400     -0.80811600      0.15036900      0.56953000      0.00040300      0.00194300      0.00139300     -0.03070000     -0.43973700      0.06354600      0.31892100     -0.10815100     -0.03041300      0.40488300      0.10925700      0.32538800      0.93924200     -0.04159600      0.94557800     -0.32262200     -0.99321100     -0.00424900      0.11565900      0.02661800      0.00967200     -0.01269700      0.04627000     -0.08835500      0.24143200     -1.00056600      0.04086300      0.02684800     -0.00926900     -0.03283800     -0.37042100      0.92828300      0.15985900     -0.91877300     -0.36097100      0.98659300      0.13654100      0.08938500      0.00713500     -0.00059900     -0.00113800      0.00328600     -0.01567200      0.02937700     -0.82359900      0.06906100      0.01655400     -0.06473700     -0.55503300      0.28505600     -0.78146000     -0.14509600     -0.95822400     -0.24648000     -0.81907500     -0.02341800      0.57320700      0.00022000      0.00106700      0.00076900     -0.04001000     -0.49985300      0.04542500      0.23218000
0.11873600     -0.03901800      0.41167800     -0.48389500      0.33802000     -0.80723800     -0.30007400     -0.93053500     -0.20983600     -0.82149600      0.14026500      0.55271800     -0.00035900     -0.00173400     -0.00124400     -0.04887100     -0.47308000     -0.15655100      0.32832600     -0.10758200     -0.03027300      0.40467200      0.11037300      0.32296200      0.93994900     -0.04065800      0.94641300     -0.32028700     -0.99312800     -0.00329200      0.11640100      0.01392500      0.00066100     -0.00092400      0.00982800     -0.08080100      0.21683100     -0.93776900      0.04115700      0.02692200     -0.00938500     -0.03429400     -0.36814600      0.92913400      0.15902500     -0.91984600     -0.35859700      0.98667800      0.13545800      0.09008900      0.00698300      0.00025200     -0.00052800      0.00289400     -0.01552800      0.02936900     -0.80465700      0.06905400      0.01653400     -0.06472000     -0.54375300      0.27250500     -0.79377100     -0.12353000     -0.96150100     -0.24546600     -0.83010300     -0.03541900      0.55648200     -0.00025700     -0.00124200     -0.00088800     -0.04972800     -0.69428300     -0.02576100      0.24099800
0.11868200     -0.03907600      0.41165000     -0.48241100      0.32773000     -0.81235300     -0.28387700     -0.93578800     -0.20901500     -0.82809600      0.12936300      0.54548100     -0.00073000     -0.00351800     -0.00252500      0.09738500     -0.18121700     -0.18202000      0.34103100     -0.10736900     -0.03021100      0.40458000      0.11088200      0.32181300      0.94028400     -0.04022900      0.94680500     -0.31918000     -0.99309000     -0.00286000      0.11674100      0.01262100      0.00945000     -0.01146800      0.03753700     -0.01710600      0.05177700     -0.91191900      0.04126400      0.02695200     -0.00942500     -0.03501600     -0.36698400      0.92956800      0.15869200     -0.92037800     -0.35737800      0.98670600      0.13500100      0.09046500      0.00019400     -0.00105600     -0.00076300     -0.00041500      0.00926400     -0.02709100     -0.80514700      0.06902800      0.01650600     -0.06473300     -0.53936300      0.26261000     -0.80007600     -0.10666800     -0.96378000     -0.24443400     -0.83528900     -0.04649700      0.54784000     -0.00028800     -0.00139500     -0.00099800      0.39026300     -0.13870400     -0.13684500      0.25063200
0.11843200     -0.03919400      0.41156600     -0.46956900      0.31259600     -0.82573200     -0.26700700     -0.94168500     -0.20471800     -0.84099500      0.12395100      0.52667900     -0.00103600     -0.00497500     -0.00357600     -0.04003500     -0.55883100     -0.00619900      0.37917100     -0.10708700     -0.03006600      0.40445100      0.11196200      0.31926200      0.94102500     -0.03938800      0.94767000     -0.31670900     -0.99300400     -0.00202700      0.11748800      0.00000100     -0.00000500     -0.00000400      0.00000000      0.00000000      0.00000000     -0.88600700      0.04141000      0.02702700     -0.00949500     -0.03643600     -0.36459900      0.93045100      0.15800600     -0.92145900     -0.35488800      0.98676500      0.13408600      0.09118300      0.00680900      0.00121500      0.00016300      0.00253400     -0.01538400      0.02932400     -0.81331100      0.06890200      0.01644600     -0.06477600     -0.52491300      0.25066600     -0.81340700     -0.08882400     -0.96656500     -0.24054400     -0.84650700     -0.05401500      0.52962800     -0.00742500     -0.00129900     -0.00090400     -0.05045900     -0.69017100     -0.05620200      0.29063800
0.11813100     -0.03921400      0.41127300     -0.45483700      0.29056000     -0.84186900     -0.23815600     -0.95051200     -0.19945100     -0.85759800      0.10941000      0.50257500     -0.01494000      0.00532700     -0.01309600      0.09430900     -0.83409200     -0.19485200      0.40735100     -0.10706900     -0.02997100      0.40435100      0.11142600      0.32051200      0.94066300     -0.03848700      0.94724900     -0.31807500     -0.99309800     -0.00118400      0.11669500     -0.00006600      0.00036800      0.00026300      0.00000000      0.00000000     -0.00000000     -0.88961800      0.04141900      0.02707500     -0.00954500     -0.03575000     -0.36575500      0.93002400      0.15699300     -0.92111900     -0.35621900      0.98695200      0.13327300      0.09035200     -0.00004000      0.00023300      0.00016500      0.00013600     -0.00038200      0.00080500     -0.83764200      0.06875700      0.01643000     -0.06492100     -0.50720300      0.23265000     -0.82983000     -0.05900300     -0.96998800     -0.23588100     -0.85980400     -0.07067800      0.50570900     -0.00052500     -0.00255000     -0.00183000      0.34453400     -1.09285800     -0.45186500      0.33831900
0.11794400     -0.03918200      0.41086400     -0.43030400      0.26894800     -0.86171400     -0.20947600     -0.95825200     -0.19453600     -0.87752900      0.09645800      0.46975100     -0.00110200     -0.00525400     -0.00379200      4.70299800     -0.00439500     -2.53748500      0.41728400     -0.10713900     -0.02985600      0.40423700      0.11076000      0.32197400      0.94024300     -0.03754700      0.94675400     -0.31965800     -0.99320800     -0.00032200      0.11576300     -0.00013300      0.00074100      0.00053000      0.00000000      0.00000000     -0.00000000     -0.90246600      0.04138400      0.02713200     -0.00960200     -0.03491100     -0.36709300      0.92952800      0.15593300     -0.92070400     -0.35775200      0.98714900      0.13245500      0.08938400     -0.00077100      0.00506500     -0.00478900      0.04338600     -0.06802300      0.21055100     -0.84939900      0.06865700      0.01644700     -0.06513100     -0.47815400      0.21921100     -0.85047900     -0.03486700     -0.97232500     -0.23101300     -0.87758300     -0.08080600      0.47256400     -0.00752900      0.00235400     -0.00677000     -0.05780600     -1.05414200     -0.17359500      0.36264900
0.11788300     -0.03922700      0.41074200     -0.41454300      0.26117000     -0.87177400     -0.19874700     -0.96076700     -0.19338500     -0.88756700      0.09276400      0.45127100     -0.01493300     -0.00286300     -0.00203000      4.74839700     -0.19427800     -2.53169800      0.42369700     -0.10714700     -0.02980100      0.40418800      0.11105400      0.32117600      0.94048100     -0.03723800      0.94702500     -0.31889200     -0.99318700     -0.00003100      0.11594200     -0.00025600      0.00142700      0.00102000      0.00113000     -0.00954900      0.02716600     -0.90397200      0.04138000      0.02715900     -0.00962700     -0.03530700     -0.36634900      0.92980600      0.15568700     -0.92104400     -0.35698500      0.98717400      0.13215500      0.08955400     -0.00012400      0.00070500      0.00050400      0.00128800     -0.00961200      0.02725900     -0.85168500      0.06863100      0.01642300     -0.06519300     -0.46208500      0.21501600     -0.86037500     -0.02396300     -0.97283500     -0.23025200     -0.88651100     -0.08577900      0.45468500     -0.00057600     -0.00278200     -0.00200500     -0.04052000     -0.75318700      0.14266100      0.37179400
0.11764500     -0.03941700      0.41066900     -0.39339900      0.24318900     -0.88664600     -0.16800300     -0.96713400     -0.19078400     -0.90341800      0.07359600      0.42243000     -0.01495700     -0.00292200     -0.00208000      4.89818400      0.34095900     -1.98021900      0.44661700     -0.10717300     -0.02964200      0.40410000      0.11721300      0.32116500      0.93973700     -0.03688300      0.94702400     -0.31893300     -0.99250000      0.00229900      0.12166100     -0.00163900      0.01063700     -0.00921800      0.02851400     -0.29400800     -0.07996000     -0.90505500      0.04136800      0.02723600     -0.00966600     -0.04049800     -0.36674800      0.92943800      0.15542400     -0.92119000     -0.35672200      0.98701700      0.13001000      0.09430800     -0.00017100      0.00095200      0.00067800     -0.04347900     -0.46213800     -0.16974200     -0.85495100      0.06851300      0.01632900     -0.06522900     -0.43592500      0.20093500     -0.87726400      0.00763800     -0.97389600     -0.22686300     -0.89995000     -0.10559600      0.42301100     -0.00756500     -0.00190000     -0.00134600     -0.01936900     -0.69813500      0.12743300      0.39710400
0.11710700     -0.03971200      0.41064800     -0.37229100      0.23041600     -0.89908500     -0.13683900     -0.97170900     -0.19242600     -0.91752800      0.05109800      0.39440800     -0.01565300     -0.00610900     -0.00440400      0.14040100     -0.63690600      0.28148500      0.47438000     -0.10716100     -0.02945400      0.40404100      0.12043900      0.32074800      0.93947100     -0.03644900      0.94716000     -0.31857800     -0.99213400      0.00370300      0.12457900     -0.00017400      0.00096600      0.00069000     -0.00025400     -0.01135300     -0.00398900     -0.90803100      0.04137200      0.02733600     -0.00969800     -0.04497100     -0.36732400      0.92900400      0.15497300     -0.92125200     -0.35675700      0.98689400      0.12792700      0.09835500      0.00602900      0.00626400     -0.00463300      0.04672900     -0.00108300      0.05953700     -0.86768700      0.06823900      0.01618400     -0.06523700     -0.41366500      0.19066300     -0.89024000      0.04470300     -0.97239200     -0.22902900     -0.90933100     -0.13453800      0.39372100     -0.00784700     -0.00317200     -0.00227300      0.13747900     -0.58140000      0.30805400      0.43482400
0.11678400     -0.03988400      0.41056300     -0.35976800      0.22738900     -0.90493500     -0.12635300     -0.97276400     -0.19425800     -0.92401800      0.04416400      0.37982700     -0.01609500     -0.00810600     -0.00586800     -0.00117700     -0.65337000      0.13422100      0.48386500     -0.10713300     -0.02937100      0.40402100      0.12064800      0.32020500      0.93962900     -0.03620000      0.94734300     -0.31806300     -0.99211800      0.00393600      0.12469800     -0.00037100      0.00206200      0.00147200     -0.00000400     -0.00019500     -0.00006900     -0.90859800      0.04138700      0.02737600     -0.00971000     -0.04503600     -0.36670100      0.92924700      0.15468100     -0.92153300     -0.35616000      0.98693600      0.12769700      0.09822400     -0.00019300      0.00108100      0.00077100      0.00127200      0.00525900      0.00212200     -0.87372900      0.06808400      0.01610300     -0.06527600     -0.40139500      0.19010400     -0.89595800      0.05527300     -0.97141100     -0.23087600     -0.91423500     -0.14219600      0.37941200     -0.00809600     -0.00430400     -0.00310000      0.00649700     -0.82574600      0.28529100      0.45099000
0.11613800     -0.04032100      0.41022000     -0.33102400      0.22188100     -0.91719000     -0.10994000     -0.97438700     -0.19609700     -0.93680100      0.03564000      0.34808000     -0.01688400     -0.00333500     -0.01949200      0.03380600     -1.05980200     -0.01200700      0.50266200     -0.10694500     -0.02923800      0.40403100      0.12135100      0.31860000      0.94008500     -0.03578500      0.94788200     -0.31650100     -0.99204800      0.00434600      0.12523800     -0.00041100      0.00227500      0.00162300      0.00113300     -0.00957900      0.02715500     -0.90732500      0.04148100      0.02744100     -0.00970500     -0.04587500     -0.36521900      0.92979000      0.15439500     -0.92217800     -0.35461100      0.98694300      0.12728700      0.09869300      0.00672300      0.00162400      0.00045700      0.00175100     -0.01495700      0.02925100     -0.87797500      0.06776800      0.01588800     -0.06543900     -0.37442000      0.19082400     -0.90741100      0.07140500     -0.96975500     -0.23339800     -0.92450500     -0.15218300      0.34947000     -0.00855000     -0.00632800     -0.00460000      0.03837400     -0.58294500      0.11168400      0.47923900
0.11542000     -0.04070200      0.40975000     -0.30856900      0.21527300     -0.92654600     -0.09220200     -0.97621200     -0.19616400     -0.94635500      0.02462500      0.32223100     -0.03114600     -0.01061300     -0.00779400      0.01169400     -0.57129200      0.12645100      0.52019500     -0.10680700     -0.02912800      0.40406900      0.12204800      0.31699400      0.94053700     -0.03544800      0.94841800     -0.31492800     -0.99197500      0.00467700      0.12580000     -0.00037900      0.00209600      0.00149400     -0.00000000     -0.00000000     -0.00000000     -0.90832400      0.04155000      0.02749800     -0.00968500     -0.04677500     -0.36372300      0.93033200      0.15419500     -0.92281700     -0.35303200      0.98693200      0.12694000      0.09924900     -0.00019800      0.00109400      0.00077800     -0.00021000      0.00010400     -0.00002800     -0.87993400      0.06740700      0.01569100     -0.06568500     -0.34867000      0.18852100     -0.91808900      0.08940400     -0.96840400     -0.23280700     -0.93297100     -0.16325400      0.32079900     -0.00868300     -0.00683300     -0.00500300     -0.00279900     -0.57385200     -0.07940300      0.50471200
0.11466100     -0.04115800      0.40910700     -0.28351200      0.21202100     -0.93526100     -0.08538100     -0.97693600     -0.19564300     -0.95482300      0.02411600      0.29624000     -0.01814200     -0.00858100     -0.02350600      0.03929100     -0.55630600     -0.05153900      0.52240900     -0.10664000     -0.02899900      0.40406600      0.12282800      0.31516300      0.94105100     -0.03496800      0.94902500     -0.31314800     -0.99189700      0.00514100      0.12639700     -0.00150500      0.00985600     -0.00977500      0.03548400     -0.00189400      0.02254600     -0.91587700      0.04162800      0.02756000     -0.00968100     -0.04768800     -0.36219500      0.93088100      0.15390900     -0.92347600     -0.35142900      0.98693300      0.12651300      0.09978300     -0.00008300      0.00045400      0.00032200     -0.00013300      0.00007000     -0.00001300     -0.88222000      0.06703000      0.01547400     -0.06599200     -0.32454000      0.19040900     -0.92650700      0.09603100     -0.96783300     -0.23254000     -0.94098300     -0.16444300      0.29581500     -0.00215400     -0.00574800     -0.01280600      0.04888800     -0.86717300     -0.12662300      0.51826500
0.11432500     -0.04150100      0.40874900     -0.27282300      0.21012200     -0.93886200     -0.07922700     -0.97742600     -0.19578700     -0.95847300      0.02069900      0.28448000     -0.01895400     -0.02030200     -0.01509600      0.00582400     -0.47138700     -0.04557900      0.52164300     -0.10652600     -0.02892300      0.40403200      0.12327100      0.31410900      0.94134500     -0.03462400      0.94937300     -0.31213200     -0.99185500      0.00546900      0.12671500      0.01354100      0.00267100      0.00050800      0.00204500     -0.01520500      0.02924500     -0.91690300      0.04168500      0.02760200     -0.00970200     -0.04833400     -0.36108400      0.93127900      0.15361200     -0.92396400     -0.35027500      0.98694800      0.12612600      0.10012600      0.00676800      0.00136100      0.00026800      0.00976400     -0.08135100      0.21664500     -0.88320000      0.06686300      0.01530900     -0.06617200     -0.31334600      0.19064000     -0.93030600      0.10220700     -0.96718100     -0.23262200     -0.94412200     -0.16797500      0.28357800     -0.00941100     -0.00580700     -0.01289300      0.04643700     -0.70682700     -0.10489300      0.51940800
0.11361400     -0.04230000      0.40823100     -0.26183900      0.20928400     -0.94217100     -0.07356300     -0.97766900     -0.19678200     -0.96199400      0.01751600      0.27256000     -0.01875600     -0.01903600     -0.01428600      0.00511600     -0.05722600      0.06458700      0.52049700     -0.10625200     -0.02872200      0.40385400      0.12284000      0.31520500      0.94103600     -0.03341400      0.94900200     -0.31338900     -0.99195000      0.00663700      0.12591700      0.01360500      0.00231300      0.00025100      0.00204500     -0.01520500      0.02924500     -0.91785900      0.04182200      0.02770100     -0.00979100     -0.04776500     -0.36210100      0.93091300      0.15232500     -0.92371700     -0.35148600      0.98717500      0.12501200      0.09927800     -0.00068400      0.00455500     -0.00515700      0.03532600     -0.00193500      0.02285800     -0.88483300      0.06649200      0.01488700     -0.06644800     -0.30151700      0.19218700     -0.93389000      0.10764200     -0.96635000     -0.23362100     -0.94736400     -0.17096700      0.27068400     -0.00935600     -0.00946400     -0.00708800     -0.00390100      0.02138300      0.09445400      0.51940800
0.11273000     -0.04296900      0.40789600     -0.26009300      0.20687500     -0.94318600     -0.07329400     -0.97816800     -0.19439200     -0.96249000      0.01830500      0.27075000     -0.03183600     -0.01214700     -0.00925900     -0.00504100      0.04758200     -0.11372500      0.52084300     -0.10593700     -0.02845600      0.40365500      0.12353500      0.31346900      0.94152400     -0.03237300      0.94956900     -0.31177800     -0.99189900      0.00762100      0.12626200      0.01351200      0.00280100      0.00059700      0.00204500     -0.01520500      0.02924500     -0.92254200      0.04198500      0.02783400     -0.00989200     -0.04868900     -0.36047600      0.93149600      0.15142500     -0.92448700     -0.34984800      0.98726800      0.12401900      0.09959700      0.00675800      0.00141400      0.00030200      0.00200100     -0.01517000      0.02924700     -0.88499600      0.06604900      0.01454700     -0.06662000     -0.30003000      0.19030900     -0.93475300      0.10788100     -0.96684100     -0.23147000     -0.94780900     -0.17029100      0.26955100     -0.01587200     -0.00589400     -0.00448100     -0.00473500      0.05650100     -0.11082600      0.51875500
0.11234000     -0.04323800      0.40778300     -0.26103000      0.20492900     -0.94335200     -0.07304100     -0.97857500     -0.19242600     -0.96225500      0.01841200      0.27157900     -0.01712900     -0.01131300     -0.00860600     -0.01315700      0.08767600     -0.24490900      0.52032000     -0.10580700     -0.02834200      0.40354500      0.12197700      0.31343000      0.94174000     -0.03749600      0.94961200     -0.31107100     -0.99190900      0.00221800      0.12639200      0.01230600      0.01097200     -0.01037500     -1.52384900      0.49867000     -0.15774000     -0.92592000      0.04204500      0.02788800     -0.00994200     -0.04770200     -0.36012300      0.93168400      0.15489400     -0.92412900     -0.34927300      0.98677800      0.12765100      0.09986400      0.00017200     -0.00040900     -0.00049700     -5.20140800      1.73137600     -0.70487000     -0.88320000      0.06585300      0.01441000     -0.06667800     -0.30066500      0.18823700     -0.93496800      0.10822800     -0.96726200     -0.22954300     -0.94756800     -0.17020600      0.27044900     -0.00852000     -0.00548400     -0.00415800     -0.01210200      0.08918500     -0.24482100      0.51859200
0.11171300     -0.04362900      0.40756300     -0.26500500      0.20311100     -0.94263600     -0.07281000     -0.97896400     -0.19052600     -0.96118000      0.01788300      0.27539100     -0.01631200     -0.00755100     -0.00579800     -0.00252700      0.02493700     -0.05647400      0.52084800     -0.10558200     -0.02809300      0.40326800      0.12264500      0.31163600      0.94224800     -0.03629800      0.95019800     -0.30941900     -0.99187200      0.00333500      0.12665700     -0.00121300      0.00820700     -0.01094400      0.04328500     -0.06854000      0.20977500     -0.93234700      0.04216200      0.02801400     -0.01008000     -0.04795400     -0.35870200      0.93221900      0.15552800     -0.92459100     -0.34776600      0.98666600      0.12831000      0.10012600      0.00622200      0.00512800     -0.00544700      0.03763100     -0.01708000      0.05185000     -0.88711900      0.06554600      0.01421700     -0.06678600     -0.30434600      0.18574100     -0.93427600      0.10854900     -0.96765200     -0.22773800     -0.94635600     -0.17072600      0.27433900     -0.00105900     -0.00464800     -0.00351700      0.00065700     -0.00118500     -0.03163100      0.51859200
0.11142400     -0.04380500      0.40724600     -0.26570300      0.20142200     -0.94280200     -0.07208300     -0.97932000     -0.18896500     -0.96104100      0.01749400      0.27590100     -0.00147900     -0.00643800     -0.00489700     -0.00154600      0.00924200     -0.02725300      0.52051400     -0.10548700     -0.02782200      0.40299400      0.12309300      0.31024900      0.94264800     -0.03512600      0.95064700     -0.30817300     -0.99186000      0.00441200      0.12672400     -0.00016100      0.00086600      0.00061800     -0.00000000     -0.00000000     -0.00000000     -0.95737000      0.04221000      0.02814900     -0.01022400     -0.04864900     -0.35726600      0.93273400      0.15442700     -0.92530100     -0.34636500      0.98680500      0.12718900      0.10018700     -0.00080400      0.00519700     -0.00469400      0.03554900     -0.00190000      0.02260800     -0.88809900      0.06539600      0.01412700     -0.06694500     -0.30463200      0.18388500     -0.93455000      0.10940000     -0.96793700     -0.22611500     -0.94616600     -0.17112200      0.27474700     -0.00068400     -0.00299300     -0.00227200     -0.00108300      0.00914100     -0.02747500      0.51957200
0.11140200     -0.04388800      0.40715700     -0.26607800      0.20048300     -0.94289700     -0.07182900     -0.97951400     -0.18805500     -0.96095600      0.01743400      0.27620100     -0.00103800     -0.00451600     -0.00343900     -0.01221600      0.07303000     -0.21533000      0.52048800     -0.10544500     -0.02768700      0.40289500      0.12343800      0.30928900      0.94291800     -0.03457100      0.95095700     -0.30727800     -0.99183600      0.00492300      0.12688400      0.01337100      0.00351500      0.00110400      0.00204500     -0.01520500      0.02924500     -0.96436100      0.04222600      0.02821200     -0.01027000     -0.04909500     -0.35640700      0.93303900      0.15397700     -0.92569900     -0.34550100      0.98685300      0.12670500      0.10032500     -0.00016600      0.00091800      0.00065200      0.00007000     -0.00001600      0.00003600     -0.88826200      0.06538500      0.01408700     -0.06698900     -0.30479200      0.18306000     -0.93466000      0.10965900     -0.96808200     -0.22536600     -0.94608400     -0.17118400      0.27498900     -0.00037100     -0.00163000     -0.00123700      0.00036100      0.00005600     -0.00013300      0.51940800
0.11163400     -0.04408000      0.40723300     -0.26663400      0.19912100     -0.94302800     -0.07197000     -0.97978400     -0.18658900     -0.96079100      0.01786400      0.27674800      0.01403900     -0.01063200      0.00932900     -0.03477000     -0.00217800      0.01122500      0.51290700     -0.10535500     -0.02745800      0.40271800      0.12421200      0.30720200      0.94349800     -0.03353400      0.95162700     -0.30531200     -0.99177600      0.00587800      0.12731200     -0.00003100      0.00016500      0.00011800      0.00000000      0.00000000      0.00000000     -0.96432100      0.04227500      0.02833400     -0.01036000     -0.05014600     -0.35443400      0.93373500      0.15307400     -0.92659200     -0.34350300      0.98694100      0.12570500      0.10071900     -0.00070900      0.00466700     -0.00507000      0.03552900     -0.00190400      0.02258800     -0.88924200      0.06549500      0.01399200     -0.06695600     -0.30512300      0.18144700     -0.93486600      0.10966000     -0.96845600     -0.22375700     -0.94597700     -0.17079100      0.27560100      0.00012300      0.00053800      0.00040900     -0.01043000      0.06378200     -0.18819300      0.51614200
0.11201100     -0.04416300      0.40749700     -0.26961800      0.19922700     -0.94215700     -0.07265100     -0.97976100     -0.18644400     -0.95990300      0.01792500      0.27980700      0.01502800     -0.00628500      0.01263400     -0.03319600     -0.00779100      0.03969800      0.49247900     -0.10534400     -0.02731500      0.40252700      0.12448800      0.30629100      0.94375800     -0.03278300      0.95191600     -0.30449200     -0.99176700      0.00656100      0.12734900     -0.00127400      0.00852300     -0.01071300      0.03547200     -0.00190000      0.02256300     -0.96429200      0.04228100      0.02840300     -0.01045100     -0.05053100     -0.35359500      0.93403200      0.15242200     -0.92700200     -0.34268800      0.98702200      0.12505000      0.10073800      0.00008600     -0.00045200     -0.00032300      0.00004900     -0.00000100     -0.00001000     -0.88907800      0.06568300      0.01394900     -0.06682600     -0.30826200      0.18097600     -0.93392700      0.10896700     -0.96855700     -0.22365400     -0.94503900     -0.17071200      0.27884900      0.00757300      0.00121500      0.00095600     -0.00713000      0.03323200     -0.16490500      0.49605800
0.11255100     -0.04419400      0.40768300     -0.27431400      0.20229900     -0.94014500     -0.07379500     -0.97914500     -0.18921600     -0.95847900      0.01721500      0.28469100      0.01510500      0.00227800      0.00179600      0.00269900     -0.00179100      0.06427500      0.44983000     -0.10536100     -0.02713400      0.40234000      0.12493900      0.30490900      0.94414600     -0.03190000      0.95235300     -0.30321700     -0.99174000      0.00736200      0.12751800     -0.00142100      0.00931500     -0.01014700      0.03547500     -0.00191400      0.02255800     -0.96404100      0.04227200      0.02849500     -0.01054900     -0.05115800     -0.35228800      0.93449200      0.15161900     -0.92761000     -0.34139400      0.98711300      0.12422200      0.10086800     -0.00070700      0.00466100     -0.00507200      0.03552100     -0.00189900      0.02254500     -0.88973200      0.06595500      0.01393600     -0.06672400     -0.31364200      0.18306900     -0.93172600      0.10765600     -0.96805500     -0.22644700     -0.94341800     -0.17132900      0.28391400      0.01452800     -0.00025600     -0.00013600      0.00713800     -0.04353700      0.05233100      0.46160300
0.11299200     -0.04417900      0.40769500     -0.27635500      0.20435200     -0.93910200     -0.07430200     -0.97872700     -0.19116600     -0.95785100      0.01668600      0.28682800      0.02909400     -0.00032000     -0.00011900      0.00207200     -0.01339300      0.06451100      0.40438500     -0.10535600     -0.02703300      0.40224600      0.12521400      0.30410200      0.94437000     -0.03142300      0.95260700     -0.30246600     -0.99172100      0.00779500      0.12764100     -0.00001200      0.00006600      0.00004700      0.00000000      0.00000000      0.00000000     -0.96356800      0.04227500      0.02854600     -0.01059600     -0.05153300     -0.35153500      0.93475500      0.15120700     -0.92795400     -0.34064100      0.98715700      0.12378700      0.10097500     -0.00000100      0.00002500      0.00001900      0.00003500     -0.00000300      0.00001300     -0.88973200      0.06617000      0.01394600     -0.06671600     -0.31601100      0.18465700     -0.93061100      0.10708600     -0.96766500     -0.22837400     -0.94269200     -0.17182400      0.28601900      0.00756000      0.00119400      0.00092400      0.00737100     -0.04400200      0.04811800      0.42192400
0.11412300     -0.04403400      0.40754900     -0.28015900      0.20870600     -0.93701600     -0.07491100     -0.97783300     -0.19545600     -0.95669400      0.01516700      0.29074800      0.02948900      0.00982600     -0.00976800      0.03941800     -0.00889400      0.11900500      0.26280000     -0.10534200     -0.02684700      0.40204800      0.12569400      0.30265900      0.94477000     -0.03050000      0.95305900     -0.30113500     -0.99168900      0.00863400      0.12783000     -0.00140400      0.00922000     -0.01021200      0.03547700     -0.00193100      0.02255200     -0.96200400      0.04228200      0.02863600     -0.01069100     -0.05218900     -0.35020300      0.93521800      0.15042400     -0.92856600     -0.33931800      0.98724300      0.12297100      0.10113900      0.00000400     -0.00000400     -0.00000200      0.00797200     -0.06748600      0.18692600     -0.88630200      0.06673500      0.01401300     -0.06678600     -0.32057700      0.18811800     -0.92835300      0.10626900     -0.96674900     -0.23259600     -0.94124100     -0.17322100      0.28992700      0.02164200     -0.00094600     -0.00066000      0.00809500     -0.03393300      0.09012500      0.27039000
