0.12827500     -0.03291900      0.39517000     -0.30704200      0.89883500     -0.31283700     -0.88835200     -0.38854200     -0.24461900     -0.34104800      0.20168100      0.91817100      0.01991700      0.05727700     -0.00878400     -0.14737800      0.18927800     -0.45304200     -1.84680300     -0.10051400     -0.01417200      0.39510100      0.17226000      0.43175300      0.88538500     -0.39702100      0.85302800     -0.33860000     -0.90163300     -0.29374200      0.31723300      0.00263800     -0.01489500      0.00617600     -0.03671900      0.01275000     -0.04931100     -1.39070500      0.04469400      0.03498700     -0.01416800     -0.08277300     -0.48209600      0.87219900      0.49832500     -0.77794900     -0.38270900      0.86302900      0.40296100      0.30463400      0.00050600     -0.00247900     -0.00172300      0.00463900     -0.07489700      0.18961500     -0.90671400      0.07380100      0.01953200     -0.07298000     -0.46922100      0.83807800     -0.27830800     -0.80278900     -0.53612300     -0.26096100     -0.36791300      0.10097500      0.92436000      0.01009600      0.02929500     -0.00390600     -2.49432300      0.75983700     -1.06191000     -0.87362300
0.12866600     -0.03187200      0.39512500     -0.30128200      0.90146000     -0.31087500     -0.89457300     -0.38001600     -0.23515400     -0.32975300      0.20612900      0.92130400      0.02047300      0.06081300     -0.00628900     -0.84345700      0.20478800     -0.11511500     -1.83921900     -0.10053300     -0.01428600      0.39505000      0.17073800      0.43326900      0.88493900     -0.39626000      0.85250400     -0.34080500     -0.90225500     -0.29303200      0.31611700      0.00107900     -0.00522800     -0.00363900     -0.00125400      0.01063000     -0.02675600     -1.39057200      0.04468600      0.03492400     -0.01419100     -0.08106500     -0.48337700      0.87165000      0.49747600     -0.77743000     -0.38486200      0.86368100      0.40242600      0.30349100      0.00047900     -0.00232800     -0.00161900     -0.00300900     -0.00098500      0.00345100     -0.90361100      0.07400900      0.02006900     -0.07300500     -0.46476200      0.84123900     -0.27624600     -0.80997800     -0.52996200     -0.25114500     -0.35767300      0.10703000      0.92769200      0.01016000      0.02564100      0.00185800     -3.05051100      0.41383300      0.43210100     -0.87411300
0.12940300     -0.02953700      0.39533100     -0.29971100      0.90350400     -0.30643100     -0.90240800     -0.37263900     -0.21626900     -0.30922300      0.21058100      0.92739700      0.02179500      0.06059300      0.01018500     -0.75849100      0.23196400     -0.23673100     -1.79414900     -0.10052400     -0.01446200      0.39480700      0.16809700      0.43583700      0.88418300     -0.39427000      0.85182100     -0.34479800     -0.90361900     -0.29120500      0.31390300      0.00154200     -0.00747100     -0.00521200     -0.00125600      0.01063700     -0.02675300     -1.39223900      0.04469000      0.03483800     -0.01431100     -0.07810700     -0.48553500      0.87072100      0.49531100     -0.77686800     -0.38876900      0.86519600      0.40091300      0.30116900      0.00075400     -0.00364300     -0.00254100      0.00474000     -0.06390700      0.16138300     -0.90263200      0.07437600      0.02123100     -0.07291200     -0.46341400      0.84345000     -0.27173300     -0.81904000     -0.52474100     -0.23198700     -0.33825900      0.11505400      0.93399200      0.01090900      0.03029000      0.00508700     -2.67227500      0.71877400     -0.57626700     -0.87035800
0.13013000     -0.02716800      0.39580000     -0.30013000      0.90479200     -0.30219100     -0.90788300     -0.36808800     -0.20057700     -0.29234700      0.21302700      0.93229800      0.00812600      0.06391300      0.01219800      0.04624400      0.14242400     -0.38536800     -1.75078500     -0.10043300     -0.01469600      0.39460200      0.16363400      0.43650700      0.88469000     -0.39215600      0.85167700     -0.34755400     -0.90535100     -0.29062400      0.30941900      0.00293100     -0.01631600      0.00515900     -0.02804700     -0.06048700      0.13537100     -1.39204900      0.04473500      0.03472100     -0.01442000     -0.07341000     -0.48565300      0.87106300      0.49312000     -0.77685500     -0.39157000      0.86685800      0.40079400      0.29651400      0.00066900     -0.00322700     -0.00225800     -0.00439300     -0.00654200      0.00285800     -0.90116200      0.07474900      0.02244600     -0.07266800     -0.46431700      0.84437800     -0.26727200     -0.82533600     -0.52198900     -0.21528000     -0.32129100      0.12063200      0.93926500      0.00409200      0.03211700      0.00621000      0.05987300      0.13875900     -0.38512000     -0.85958000
0.13048800     -0.02602400      0.39616100     -0.29620700      0.90670700     -0.30031400     -0.91168300     -0.36208400     -0.19416600     -0.28443000      0.21514800      0.93425800      0.00828800      0.05651100      0.02345600      0.02510100      0.08052200     -0.21716200     -1.74736600     -0.10039100     -0.01485100      0.39451700      0.15817600      0.43816700      0.88486200     -0.39043500      0.85088200     -0.35141700     -0.90705700     -0.29045700      0.30454100      0.00142200     -0.00688000     -0.00481900      0.01171100      0.15731400      0.04059100     -1.39258700      0.04475700      0.03464000     -0.01445900     -0.06802100     -0.48663700      0.87095100      0.49109400     -0.77622200     -0.39535400      0.86844600      0.40082700      0.29178400      0.00161800     -0.00888000      0.00206800      0.00917900      0.16591800      0.15942900     -0.90279500      0.07492500      0.02299600     -0.07249700     -0.46064400      0.84699200     -0.26534700     -0.83021300     -0.51690200     -0.20870600     -0.31393100      0.12415500      0.94129200      0.01113100      0.03243800      0.00624100      0.07241700      0.05039900     -0.16916400     -0.86088700
0.13087500     -0.02380700      0.39719800     -0.29856100      0.90727600     -0.29624000     -0.91518600     -0.36014900     -0.18083000     -0.27038900      0.21599500      0.93822300      0.00862900      0.05020700      0.03512200     -2.62319900      0.84109300     -0.75438500     -1.73795800     -0.10024600     -0.01521400      0.39437900      0.15024200      0.44233700      0.88417000     -0.38831300      0.84886900     -0.35856300     -0.90930400     -0.29003000      0.29817800      0.00166300     -0.00803700     -0.00564600     -0.00116500      0.01488000     -0.02512300     -1.39489100      0.04483000      0.03445600     -0.01452900     -0.05933500     -0.48939800      0.87003900      0.48858800     -0.77427800     -0.40221100      0.87049400      0.40122600      0.28505600      0.00083900     -0.00404400     -0.00284200     -0.01003300     -0.00774000     -0.02922800     -0.90769300      0.07511900      0.02410900     -0.07198100     -0.46233500      0.84713700     -0.26192000     -0.83330800     -0.51606100     -0.19818100     -0.30305400      0.12663500      0.94452100      0.00444600      0.03023400      0.01281600     -0.11968600     -0.02276000      0.27945400     -0.86447900
0.13111200     -0.02191300      0.39859900     -0.30310700      0.90605800     -0.29535000     -0.91395300     -0.36409100     -0.17916100     -0.26949500      0.21450200      0.93882300      0.00784600      0.03724300      0.04213500     -0.03796400      0.03247400     -0.06948400     -1.73051800     -0.10001300     -0.01549500      0.39423900      0.14456100      0.44427900      0.88414400     -0.38672000      0.84784700     -0.36268000     -0.91089700     -0.29005500      0.29325500      0.00275700     -0.01543600      0.00574700     -0.03542300      0.00429300     -0.02170100     -1.39266200      0.04494600      0.03431800     -0.01460400     -0.05348500     -0.49055500      0.86976700      0.48674400     -0.77333800     -0.40623600      0.87190500      0.40162600      0.28013700      0.00739800     -0.00217700     -0.00223500     -0.00585200     -0.01935100      0.00046300     -0.90916300      0.07523600      0.02505200     -0.07128900     -0.46740200      0.84481100     -0.26043900     -0.83185600     -0.52001300     -0.19390700     -0.29924700      0.12601500      0.94581700     -0.00294000      0.01910000      0.02149300     -0.03953100      0.05793100     -0.12708500     -0.86562300
0.13119400     -0.02118000      0.39932500     -0.30314400      0.90516300     -0.29804400     -0.91397400     -0.36463100     -0.17795200     -0.26938200      0.21733100      0.93820400      0.00759600      0.03586900      0.04094000     -0.07961600     -0.28117300      0.02273100     -1.73296700     -0.09981900     -0.01557600      0.39416300      0.14121500      0.44386900      0.88489000     -0.38561700      0.84792900     -0.36366100     -0.91188400     -0.29044200      0.28978000      0.01451600     -0.00300100     -0.00351800      0.00193500      0.07374100      0.03353400     -1.39264200      0.04504400      0.03427200     -0.01463900     -0.05018100     -0.48963300      0.87048300      0.48557600     -0.77359500     -0.40714300      0.87275200      0.40225500      0.27657400      0.00723600     -0.00138600     -0.00168400     -0.00633100      0.05203600      0.02572500     -0.90965300      0.07528100      0.02543700     -0.07091400     -0.46742000      0.84419400     -0.26240000     -0.83178800     -0.52050400     -0.19288200     -0.29941100      0.12810400      0.94548500     -0.00305900      0.01835400      0.02085000     -0.11394800     -0.40086200     -0.08003000     -0.86954100
0.13116700     -0.01975700      0.40088300     -0.30258700      0.90447200     -0.30069500     -0.91438700     -0.36443300     -0.17622900     -0.26860800      0.22050000      0.93768700     -0.00607600      0.03640200      0.04098800     -0.06492300     -0.07869400     -0.14729800     -1.73588700     -0.09939500     -0.01560600      0.39408700      0.13018000      0.44354300      0.88674400     -0.38254400      0.84759200     -0.36767000     -0.91480300     -0.29192300      0.27888900      0.01371000      0.00090800     -0.00076600      0.00509100      0.21237600      0.11948300     -1.39012800      0.04525100      0.03425400     -0.01467900     -0.03959300     -0.48824500      0.87180700      0.48229700     -0.77346500     -0.41126600      0.87511100      0.40418700      0.26610200      0.00690300      0.00023900     -0.00053900      0.01422000      0.34396400      0.18329400     -0.91324500      0.07527000      0.02616000     -0.07012100     -0.46672200      0.84347700     -0.26592400     -0.83215400     -0.52064500     -0.19091000     -0.29948100      0.13218800      0.94490000     -0.00307800      0.01808900      0.02042200     -0.06443200     -0.07764400     -0.14832800     -0.87329700
0.13094800     -0.01843400      0.40245700     -0.30206600      0.90378500     -0.30327100     -0.91484900     -0.36419700     -0.17431200     -0.26762200      0.22366700      0.93721800     -0.00640100      0.03403800      0.03895900     -0.03496000     -0.03012700      0.05332900     -1.73514500     -0.09911900     -0.01558300      0.39408600      0.11408900      0.44049100      0.89047400     -0.37940100      0.84772600     -0.37060700     -0.91823500     -0.29612800      0.26270900      0.01338100      0.00248700      0.00034800      0.01132200      0.48251500      0.21994600     -1.38760900      0.04539400      0.03426700     -0.01467800     -0.02418300     -0.48336800      0.87508300      0.47906600     -0.77389000     -0.41423300      0.87744500      0.40920500      0.25028000      0.00666700      0.00135100      0.00024400      0.03027500      0.56788300      0.27350300     -0.91357200      0.07516100      0.02682300     -0.06933300     -0.46615500      0.84290100     -0.26873200     -0.83258400     -0.52068200     -0.18892500     -0.29917000      0.13567400      0.94450400     -0.00323700      0.01694000      0.01943300     -0.02730100      0.00251900      0.06163800     -0.87656300
0.13072600     -0.01725600      0.40400400     -0.30155200      0.90403100     -0.30305300     -0.91545900     -0.36329500     -0.17298700     -0.26611600      0.22414100      0.93753400     -0.00696300      0.02176500      0.04678900     -0.06749300     -0.00234900      0.04066400     -1.73403400     -0.09886500     -0.01554200      0.39401400      0.09578700      0.43945900      0.89313600     -0.37541100      0.84697000     -0.37635300     -0.92193700     -0.29980500      0.24497500      0.00041300     -0.00195800     -0.00138400      0.00315300      0.22775100      0.09028900     -1.38557800      0.04552000      0.03429300     -0.01471100     -0.00532900     -0.47913700      0.87772300      0.47483500     -0.77368100     -0.41946000      0.88005800      0.41453900      0.23163400      0.00694700      0.00003800     -0.00068400     -0.01055500      0.21564200      0.12600300     -0.91014300      0.07505000      0.02741300     -0.06855800     -0.46573000      0.84330500     -0.26820000     -0.83335100     -0.51991400     -0.18765700     -0.29769300      0.13610700      0.94490800     -0.00353000      0.01073100      0.02330300     -0.06722800     -0.00147800      0.04072100     -0.87215400
0.13063100     -0.01681500      0.40479100     -0.30095800      0.90425300     -0.30297900     -0.91592600     -0.36248500     -0.17220900     -0.26517900      0.22455200      0.93770100     -0.00769800      0.01731900      0.04375300     -0.06870200      0.00817300      0.01386500     -1.73402800     -0.09872100     -0.01551500      0.39391800      0.08508000      0.43460500      0.89658900     -0.37394300      0.84802000     -0.37545000     -0.92356900     -0.30388600      0.23353100      0.00073400     -0.00347000     -0.00245400      0.00939900      0.75839800      0.27003300     -1.38588000      0.04559100      0.03430900     -0.01475700      0.00292500     -0.47477100      0.88010400      0.47361800     -0.77447800     -0.41936500      0.88072400      0.41806000      0.22259500      0.00695700      0.00000800     -0.00070500     -0.01566800      0.15836600      0.09419200     -0.90377400      0.07500600      0.02763300     -0.06817800     -0.46519600      0.84362600     -0.26811900     -0.83393500     -0.51925100     -0.18689600     -0.29689200      0.13665100      0.94508300     -0.00375800      0.01359700      0.01697900     -0.03167100     -0.01445200      0.05913600     -0.87182700
0.13028000     -0.01635000      0.40643200     -0.29842700      0.90569800     -0.30116100     -0.91601400     -0.36035000     -0.17617600     -0.26772200      0.22216300      0.93754800     -0.00913300      0.00867500      0.03799800     -0.00016200      0.00032400      0.00625800     -1.73523400     -0.09842600     -0.01545100      0.39370800      0.06988000      0.42631900      0.90186500     -0.37206200      0.84999500     -0.37284300     -0.92558300     -0.31004000      0.21687200      0.01254900      0.00867900     -0.01192300      0.04470000      0.46474200      0.24340000     -1.36996600      0.04573500      0.03433500     -0.01486000      0.01812500     -0.46355100      0.88588400      0.47212600     -0.77705800     -0.41626600      0.88134400      0.42579400      0.20477000      0.00043200     -0.00202700     -0.00144000      0.02966800      0.65662800      0.23940000     -0.89528300      0.07483600      0.02787300     -0.06737100     -0.46300400      0.84548500     -0.26604500     -0.83446300     -0.51699300     -0.19075500     -0.29882400      0.13368500      0.94489700     -0.00460300      0.00427500      0.01896700      0.77700200     -0.26317100      0.23051700     -0.87068400
0.12989100     -0.01651900      0.40809600     -0.29641400      0.90671300     -0.30009300     -0.91464400     -0.35987600     -0.18409000     -0.27455200      0.21878100      0.93636700     -0.01079800     -0.00962400      0.04238700     -0.04673900      0.31554600      0.07420100     -1.73931600     -0.09813100     -0.01535700      0.39334300      0.05115200      0.41736000      0.90729600     -0.36897000      0.85212400     -0.37105300     -0.92802000     -0.31631800      0.19643300     -0.00025400      0.00345200     -0.01421200      0.04474200      0.72355900      0.28069700     -1.34266000      0.04588700      0.03438800     -0.01504500      0.03511700     -0.45289300      0.89087200      0.46945700     -0.77947300     -0.41476600      0.88225600      0.43279200      0.18524100     -0.00010400      0.00164000     -0.00717200      0.01171800      0.62626000      0.23505400     -0.87274900      0.07463500      0.02779400     -0.06650500     -0.46118700      0.84653000     -0.26588200     -0.83312500     -0.51623200     -0.19850800     -0.30530000      0.12996400      0.94334500     -0.00551900     -0.00535900      0.02085300     -0.03400400      0.42109400      0.10138400     -0.87591000
0.12976900     -0.01683600      0.40894800     -0.29599100      0.90661200     -0.30081600     -0.91383000     -0.36037700     -0.18712300     -0.27769500      0.21837800      0.93553400      0.00171700     -0.02420600      0.04900700     -0.13452000      0.04112600     -0.04423700     -1.74071800     -0.09800200     -0.01527300      0.39302600      0.04083300      0.41563500      0.90861000     -0.36643400      0.85225300     -0.37326100     -0.92952100     -0.31823600      0.18595300      0.01210500      0.01306800     -0.02548000      0.07801900      0.41065800      0.21451400     -1.33607800      0.04595000      0.03443200     -0.01520100      0.04622300     -0.44867800      0.89249600      0.46682500     -0.78018500     -0.41639400      0.88314000      0.43588700      0.17339200      0.00610100      0.00633900     -0.01288300      0.07231500      0.40410600      0.22028300     -0.86850400      0.07457300      0.02763300     -0.06608000     -0.46073000      0.84683900     -0.26568600     -0.83236200     -0.51617600     -0.20183000     -0.30805900      0.12815800      0.94269400      0.00076000     -0.01253100      0.02424000     -0.14965100      0.02384800     -0.05233800     -0.88227800
0.12955400     -0.01794000      0.41078800     -0.29470700      0.90821700     -0.29721200     -0.91194000     -0.36016600     -0.19651500     -0.28516500      0.21199400      0.93475500     -0.01281400     -0.02969600      0.04582900     -0.13250500      0.10153200     -0.05959400     -1.74490900     -0.09778900     -0.01504500      0.39212600      0.02535400      0.40677000      0.91317400     -0.36323300      0.85480000     -0.37055700     -0.93130800     -0.32282000      0.16827000     -0.00064800      0.00759400     -0.02796200      0.07510200      0.45808100      0.16884100     -1.33611200      0.04605700      0.03454300     -0.01564100      0.05997300     -0.43842700      0.89676300      0.46424100     -0.78305800     -0.41388400      0.88367600      0.44113600      0.15657300      0.00704400      0.00085000     -0.00846100      0.06680200      0.58217200      0.27045700     -0.87846400      0.07447500      0.02710300     -0.06519500     -0.45964100      0.84861300     -0.26188700     -0.83059500     -0.51515100     -0.21149400     -0.31438800      0.12031000      0.94163800      0.00016900     -0.01589900      0.02213700     -0.14633200      0.07279100     -0.03571400     -0.88832000
0.12937400     -0.01927400      0.41242300     -0.28833900      0.91108200     -0.29468000     -0.91026300     -0.35624100     -0.21091700     -0.29678900      0.20628500      0.93241100     -0.00052900     -0.03706900      0.04101300      0.62962800     -0.16736800      0.13563400     -1.74622800     -0.09756700     -0.01456900      0.39105900      0.01071000      0.39278400      0.91956400     -0.36009700      0.85944700     -0.36278700     -0.93279100     -0.32774900      0.14948300      0.01043200      0.02321700     -0.03494100      0.11372700      0.46112300      0.26147300     -1.33998000      0.04616500      0.03476600     -0.01617800      0.07287700     -0.42273900      0.90331600      0.46200000     -0.78837700     -0.40622200      0.88388000      0.44693700      0.13785100     -0.00072400      0.00573300     -0.01260700      0.09690700      0.62351600      0.27460800     -0.88581300      0.07437500      0.02642500     -0.06436000     -0.45422500      0.85240700     -0.25899900     -0.82993700     -0.51055600     -0.22480200     -0.32385700      0.11284200      0.93935200     -0.00035000     -0.01887900      0.02029200      2.40112000     -0.75410400      0.59400500     -0.89534100
0.12939000     -0.02060900      0.41386400     -0.28580500      0.91328600     -0.29029500     -0.90984700     -0.35364400     -0.21699500     -0.30049200      0.20096700      0.93238600      0.01293800     -0.02940400      0.02955500     -0.08336500      0.23720300     -0.15746800     -1.74441700     -0.09746800     -0.01396000      0.39008600     -0.00442200      0.37905700      0.92535800     -0.35711700      0.86376200     -0.35540800     -0.93396800     -0.33251800      0.13037900     -0.00198800      0.01383100     -0.02350200      0.07667600      0.52925300      0.23199600     -1.34215100      0.04621600      0.03506700     -0.01666100      0.08551200     -0.40808800      0.90892800      0.45997100     -0.79306400     -0.39934200      0.88380600      0.45223000      0.11989200     -0.00099300      0.00698600     -0.01170300      0.05052700      0.64239700      0.26962000     -0.89316000      0.07437700      0.02574600     -0.06364100     -0.45175200      0.85487400     -0.25516500     -0.82989500     -0.50763900     -0.23146200     -0.32740300      0.10719700      0.93878400     -0.00030400     -0.01866300      0.02045700     -0.11297800      0.24250400      0.00335200     -0.89909700
0.12941500     -0.02113200      0.41446400     -0.28144200      0.91511100     -0.28880300     -0.90973400     -0.35013200     -0.22307500     -0.30491500      0.19881100      0.93141200     -0.00024500     -0.02697700      0.03133800      0.12892300     -0.00209900      0.02358200     -1.74453400     -0.09741600     -0.01367300      0.38965500     -0.00874800      0.37321700      0.92769800     -0.35069300      0.86767800     -0.35225400     -0.93636300     -0.32889600      0.12212200     -0.00202600      0.01400600     -0.02337200      0.07772400      0.61407900      0.26757200     -1.34285500      0.04624500      0.03521900     -0.01688400      0.08897400     -0.40183600      0.91137800      0.45421600     -0.79795700     -0.39617100      0.88643700      0.44921200      0.11152200      0.00560200      0.00871800     -0.01118300      0.05671300      0.61627300      0.32790900     -0.89691600      0.07439300      0.02548100     -0.06334300     -0.44799000      0.85749500     -0.25299500     -0.83051400     -0.50391100     -0.23731400     -0.33098300      0.10380100      0.93790900     -0.00013200     -0.01343100      0.01570800      0.71806300     -0.17579800     -0.00543700     -0.89681100
0.12944700     -0.02188400      0.41544000     -0.28126200      0.91768900     -0.28068400     -0.90985800     -0.34792800     -0.22599800     -0.30471200      0.19067400      0.93317800      0.00042100     -0.00612800      0.01225400      0.08426700      0.63023400     -0.01705100     -1.74370200     -0.09722500     -0.01318400      0.38883800     -0.01664900      0.36486100      0.93090800     -0.33730300      0.87442400     -0.34863200     -0.94115300     -0.32027000      0.10733500      0.01324400      0.00556400     -0.01417600      0.04411400      0.65433200      0.29797500     -1.34367400      0.04633900      0.03547200     -0.01729900      0.09570200     -0.39267300      0.91468500      0.44197000     -0.80659400     -0.39251300      0.89190900      0.44182800      0.09635700      0.00664300      0.00275200     -0.00711200      0.02042700      0.58158900      0.26391400     -0.89659000      0.07440900      0.02509100     -0.06284600     -0.44809400      0.85907000     -0.24740400     -0.83085700     -0.50233600     -0.23944500     -0.32998100      0.09826300      0.93885900      0.00021400     -0.00293900      0.00620400      0.07439100      0.60204200     -0.02709000     -0.89746400
0.12950600     -0.02221900      0.41617100     -0.27818400      0.91824300     -0.28193800     -0.90928000     -0.34627900     -0.23080900     -0.30923000      0.19100900      0.93162200      0.00092000     -0.00327000      0.01404800     -0.04518400      0.07785100     -0.20610000     -1.74053900     -0.09709400     -0.01295900      0.38823000     -0.02310100      0.35511400      0.93453300     -0.32538600      0.88122700     -0.34277900     -0.94519600     -0.31245800      0.09401100     -0.00050000      0.00464000     -0.01338700      0.03777600      0.20501600      0.10848600     -1.35428700      0.04640700      0.03557900     -0.01760100      0.10238300     -0.38058500      0.91906000      0.43124900     -0.81559500     -0.38578200      0.89640400      0.43584200      0.08062300     -0.00015400      0.00192800     -0.00697900      0.01942200      0.20245700      0.07210100     -0.89528300      0.07443700      0.02492400     -0.06248600     -0.44512200      0.86086900     -0.24651400     -0.83083000     -0.49972700     -0.24493200     -0.33404500      0.09578600      0.93767700      0.00056500     -0.00096200      0.00744700     -0.04214100     -0.00080900      0.00519900     -0.90236300
0.12951700     -0.02231800      0.41653100     -0.27852600      0.91800500     -0.28237300     -0.90858700     -0.34707600     -0.23233600     -0.31095200      0.19070400      0.93111100      0.00097100     -0.01151200      0.02497700     -0.07159400      0.02351700     -0.03751000     -1.73819900     -0.09700000     -0.01293100      0.38807700     -0.02956800      0.34928900      0.93654400     -0.32506400      0.88267600     -0.33933900     -0.94511900     -0.31491900      0.08625900      0.01418900     -0.00108200     -0.00224600      0.00869800      0.59979600      0.28454600     -1.35921900      0.04644800      0.03559500     -0.01768100      0.10625600     -0.37597500      0.92051700      0.43125300     -0.81673200     -0.38336500      0.89595200      0.43771100      0.07535700      0.00626100      0.00449400     -0.00585900      0.01407200      0.00110200      0.05351000     -0.89610000      0.07444300      0.02487800     -0.06230900     -0.44554500      0.86051400     -0.24698900     -0.82994700     -0.50045300     -0.24644300     -0.33567400      0.09518600      0.93715600      0.00066300     -0.00041400      0.00778700     -0.03904400      0.00296600      0.00707900     -0.90366900
0.12955300     -0.02252900      0.41731600     -0.27775700      0.91896200     -0.28000900     -0.90857900     -0.34589700     -0.23411800     -0.31166200      0.18823700      0.93137600      0.00138900     -0.00057800      0.01572100     -0.02056600     -0.04515600      0.20205200     -1.73075200     -0.09677900     -0.01292300      0.38794700     -0.03136100      0.34751000      0.93714700     -0.31367600      0.88683000     -0.33922500     -0.94889900     -0.30504500      0.08001100      0.01392800      0.00013600     -0.00137000      1.55615500     -0.54199700      0.17670200     -1.35253500      0.04655900      0.03559800     -0.01774700      0.11020800     -0.37202500      0.92165600      0.42219400     -0.82196200     -0.38226800      0.89978000      0.43124700      0.06648000      0.00038400     -0.00158900     -0.00126800      5.16960900     -1.86992200      0.43381900     -0.89903900      0.07446200      0.02476800     -0.06190700     -0.44501700      0.86156200     -0.24427200     -0.83019600     -0.49918000     -0.24817800     -0.33575600      0.09235000      0.93741000      0.00069800     -0.00020800      0.00791100     -0.02877900     -0.07580700      0.19160500     -0.90301600
0.12948600     -0.02274500      0.41830500     -0.27660300      0.91986800     -0.27817300     -0.90790200     -0.34495100     -0.23810500     -0.31464500      0.18554700      0.93091200      0.00168800     -0.00741000      0.02752300     -0.06937400      0.01748400     -0.00917800     -1.72634400     -0.09654100     -0.01311900      0.38792200     -0.03498000      0.34607900      0.93754900     -0.29680700      0.89221000     -0.34029400     -0.95417900     -0.29062000      0.07032600      0.00100100     -0.00456700     -0.00330600      5.18130300     -1.73316600      0.41871600     -1.35329100      0.04668200      0.03550400     -0.01775700      0.11345900     -0.37022300      0.92198700      0.40603200     -0.82967100     -0.38312000      0.90678700      0.41782600      0.05618900      0.00056300     -0.00240600     -0.00186100      5.17443500     -1.75361200      0.40234800     -0.89316000      0.07442700      0.02466500     -0.06143400     -0.44401200      0.86257600     -0.24252000     -0.82968200     -0.49799900     -0.25223900     -0.33835000      0.08921700      0.93678100     -0.00577700     -0.00259000      0.01458200     -0.08052000      0.01293900     -0.04667700     -0.90399600
0.12951200     -0.02301600      0.41937900     -0.27462500      0.91998200     -0.27974700     -0.90652800     -0.34465600     -0.24370300     -0.32028500      0.18552500      0.92899100      0.00177300     -0.00691900      0.02781400      0.16202800     -0.05903600      0.04016100     -1.72211300     -0.09642400     -0.01347500      0.38809800     -0.03534400      0.34115800      0.93933700     -0.28181100      0.89839000     -0.33676700     -0.95870100     -0.27705700      0.06320400      0.01542500     -0.00898000      0.00878400      0.10891500      0.18779900      0.12009100     -1.36076700      0.04673600      0.03532500     -0.01767600      0.11206100     -0.36607900      0.92381100      0.39069500     -0.83856500     -0.37969000      0.91367300      0.40347800      0.04905500      0.00101700     -0.00583700      0.00415600      0.45726900      0.19630300      0.13426100     -0.89430400      0.07444000      0.02452900     -0.06088600     -0.44216700      0.86303700     -0.24424000     -0.82846600     -0.49732800     -0.25750100     -0.34370100      0.08848600      0.93490000      0.00090700     -0.00325300      0.01403400      0.78473200     -0.25396400      0.17252600     -0.90219900
0.12953700     -0.02315300      0.41994300     -0.27484800      0.91997900     -0.27953900     -0.90694000     -0.34453200     -0.24234200     -0.31892600      0.18577100      0.92940900      0.00202300     -0.00548000      0.02869500     -0.06883500      0.00456700      0.01685800     -1.71902600     -0.09634100     -0.01366800      0.38830500     -0.03678400      0.34305400      0.93859100     -0.28184200      0.89754900     -0.33897700     -0.95863600     -0.27744500      0.06248700      0.01500300     -0.00704300      0.01018900     -0.01872000      0.01844000     -0.05948900     -1.36191400      0.04677800      0.03522600     -0.01757400      0.11418500     -0.36726000      0.92308200      0.39058700     -0.83773800     -0.38162100      0.91345600      0.40412000      0.04779000      0.00076900     -0.00471400      0.00496900      0.01076200      0.08285600     -0.27545700     -0.89708000      0.07445300      0.02445800     -0.06060500     -0.44235000      0.86299000     -0.24407600     -0.82883600     -0.49733200     -0.25630400     -0.34257500      0.08892200      0.93527200      0.00089600     -0.00331400      0.01399200     -0.07195700      0.01432500     -0.01075000     -0.90219900
0.12956200     -0.02323200      0.42087000     -0.26849900      0.92174200     -0.27990300     -0.90896300     -0.33856300     -0.24317200     -0.31858100      0.18798100      0.92908300      0.00192400      0.00249400      0.01755600      0.73990000     -0.24018000      0.17732900     -1.70825700     -0.09623200     -0.01403700      0.38878700     -0.03775700      0.34465100      0.93796700     -0.28265600      0.89663300     -0.34071900     -0.95835700     -0.27843000      0.06238000      0.00275200     -0.01729200      0.02101700     -0.07087100      0.00418400     -0.04520900     -1.36213800      0.04683700      0.03504700     -0.01733600      0.11517100     -0.36886400      0.92231900      0.39117800     -0.83663000     -0.38344200      0.91307900      0.40495300      0.04793600      0.00049900     -0.00349900      0.00585000     -0.02615800     -0.07656400      0.16550200     -0.89838600      0.07446600      0.02442000     -0.06013500     -0.43666500      0.86585700     -0.24416100     -0.83216400     -0.49187500     -0.25604800     -0.34179800      0.09137500      0.93532000      0.00098100      0.00142800      0.00888500      2.54726300     -0.80555200      0.56997000     -0.89762700
0.12957000     -0.02298000      0.42119400     -0.26744900      0.92204400     -0.27991200     -0.90934400     -0.33753200     -0.24318000     -0.31837800      0.18834900      0.92907800      0.00126700      0.00726700      0.00445600      0.00000000      0.00000000      0.00000000     -1.71384300     -0.09611300     -0.01436600      0.38938300     -0.03399000      0.34525900      0.93788700     -0.28426400      0.89634200     -0.34014500     -0.95802700     -0.27861400      0.06649500      0.00071400     -0.00563300      0.01269200     -0.02731300     -0.22261300      0.10004800     -1.37378900      0.04689700      0.03487800     -0.01703500      0.11175800     -0.36994100      0.92230800      0.39289600     -0.83605000     -0.38295100      0.91276600      0.40516900      0.05191300      0.00104400     -0.00718700      0.01156600     -0.07677300     -0.20973000     -0.10308000     -0.89936600      0.07447100      0.02455200     -0.05996300     -0.43544900      0.86641500     -0.24435300     -0.83253200     -0.49085000     -0.25681900     -0.34245200      0.09160000      0.93505900      0.00061200      0.00355100      0.00217800     -0.00010700      0.00008200     -0.00016000     -0.89844400
0.12960500     -0.02273800      0.42116200     -0.26679500      0.92220300     -0.28001400     -0.90937500     -0.33703800     -0.24374900     -0.31883700      0.18845700      0.92889900      0.00127700      0.01586700     -0.00627900      0.03724600     -0.02079000      0.04608200     -1.71966600     -0.09609900     -0.01455100      0.38975300     -0.03128400      0.34686100      0.93739000     -0.28522400      0.89576700     -0.34085600     -0.95783700     -0.27847500      0.06972700      0.00189900     -0.01341100      0.02383400     -0.07015900     -0.13565100     -0.07122900     -1.38063300      0.04690400      0.03478800     -0.01686000      0.10905900     -0.37189100      0.92184700      0.39370600     -0.83537800     -0.38358500      0.91274300      0.40477000      0.05531000     -0.00661900     -0.00294600      0.00698600     -0.03816700     -0.18465100     -0.10351800     -0.89969200      0.07448800      0.02466500     -0.05997800     -0.43487400      0.86667800     -0.24444100     -0.83265100     -0.49037900     -0.25733100     -0.34289300      0.09162700      0.93489400      0.00052600      0.00303700      0.00185700      0.00001100      0.00002900     -0.00011300     -0.89811700
0.12975800     -0.02223500      0.42096300     -0.26796200      0.92153500     -0.28109500     -0.91142400     -0.33697200     -0.23606800     -0.31194100      0.19179100      0.93055700      0.00093600      0.01392600     -0.00747100     -2.54468200      0.79153800     -0.55389700     -1.72379400     -0.09608400     -0.01484900      0.39047000     -0.02131800      0.35801300      0.93346900     -0.28630000      0.89240600     -0.34867900     -0.95780200     -0.27514600      0.08229600     -0.01140700     -0.01648900      0.02308400     -0.07455400     -0.33971200     -0.22033700     -1.37677900      0.04691500      0.03464400     -0.01649300      0.10078400     -0.38403200      0.91780200      0.39418400     -0.83159200     -0.39124500      0.91348800      0.40121400      0.06756800      0.00008600     -0.00163800      0.00719300     -0.04937700     -0.48072400     -0.18513700     -0.90067200      0.07456500      0.02491700     -0.06007700     -0.43508500      0.86605500     -0.24626900     -0.83397600     -0.49072300     -0.25233700     -0.33938800      0.09559500      0.93577600      0.00052200      0.00726700     -0.00355100      0.04373700     -0.01441800      0.04942300     -0.90007700
0.12992500     -0.02177100      0.42074100     -0.26869200      0.92164200     -0.28004600     -0.91268300     -0.33647800     -0.23187100     -0.30760500      0.19214300      0.93192700      0.00088300      0.01364000     -0.00764800      0.02955300     -0.00962700      0.01742400     -1.72295500     -0.09619500     -0.01511800      0.39100800     -0.01180100      0.37383900      0.92741400     -0.28635700      0.88738500     -0.36122300     -0.95796200     -0.27031400      0.09540800      0.00094100     -0.00667000      0.01194400     -0.03865500     -0.51243000     -0.23069100     -1.37811300      0.04685500      0.03450900     -0.01621700      0.09384900     -0.40026700      0.91158000      0.39308100     -0.82633500     -0.40330600      0.91470100      0.39617500      0.07978600      0.00041200     -0.00312400      0.00612300     -0.08344300     -0.73476500     -0.33002600     -0.90132500      0.07464700      0.02514800     -0.06018900     -0.43663200      0.86578300     -0.24447800     -0.83596000     -0.49087900     -0.24537100     -0.33244800      0.09723700      0.93809400      0.00045700      0.00261300      0.00159100     -0.01246800     -0.00476600      0.02384000     -0.89860700
0.13009200     -0.02148100      0.42053100     -0.26913400      0.92165500     -0.27958000     -0.91319400     -0.33637600     -0.23000200     -0.30569900      0.19226000      0.93253000      0.00020400      0.00972800     -0.01003200      0.03582300     -0.01158200      0.01881600     -1.72151300     -0.09630100     -0.01546600      0.39154000     -0.00697500      0.38184200      0.92419600     -0.28721700      0.88452700     -0.36749600     -0.95775800     -0.26849900      0.10233500      0.00100800     -0.00697700      0.01172500     -0.03593200     -0.07086600     -0.05197200     -1.37354100      0.04680200      0.03433600     -0.01595600      0.08881500     -0.40990300      0.90779400      0.39304500     -0.82301400     -0.41007600      0.91521900      0.39322500      0.08801400      0.00058600     -0.00390500      0.00556600     -0.01928800     -0.05091700     -0.03392000     -0.90361100      0.07472700      0.02529800     -0.06029000     -0.43707200      0.86569000     -0.24402200     -0.83644100     -0.49096100     -0.24356200     -0.33065500      0.09765600      0.93868500      0.00010000      0.00483200     -0.00503700      0.03705500     -0.01192100      0.01899700     -0.89632100
0.13018200     -0.02142400      0.42044500     -0.26987900      0.92161600     -0.27899000     -0.91380600     -0.33640600     -0.22751000     -0.30320300      0.19239400      0.93331700      0.01336100      0.00756700     -0.01161800      0.03680700     -0.02629500      0.04837100     -1.72314300     -0.09632500     -0.01564100      0.39174600     -0.00869200      0.38400700      0.92328400     -0.28715000      0.88348900     -0.37003500     -0.95776100     -0.26883100      0.10142200      0.00146300     -0.00905800      0.01023100     -0.03377200      0.00309800     -0.02921800     -1.37288100      0.04679000      0.03424600     -0.01584300      0.09102900     -0.41151300      0.90684600      0.39259100     -0.82204800     -0.41244100      0.91519600      0.39356400      0.08672700      0.00075400     -0.00466500      0.00502100     -0.03220900      0.01694900     -0.01483700     -0.90867300      0.07477700      0.02532800     -0.06033900     -0.43775800      0.86550700     -0.24344200     -0.83703200     -0.49116900     -0.24109800     -0.32824400      0.09822600      0.93947100      0.00666200      0.00365900     -0.00588700      0.03923000     -0.02700900      0.04877000     -0.89844400
